,Unnamed: 0,Id,Label,timeset,degree,modularity_class,vote_average0,diff_signal_node3,vote_average1,diff_signal_node5,vote_average2,diff_signal_node7,vote_average3,diff_signal_node33,vote_average4,diff_signal_node41,vote_average5,diff_signal_node169,vote_average6,vote_average_final
0,0,0,0,,51,60,7.0,1.0,7.0,1.0,7.0,1.0,7.0,2.0,7.0,1.0,7.0,2.0,7.0,8.0
1,1,1,1,,70,16,7.0,3.0,7.0,1.0,7.0,1.0,7.0,3.0,7.0,1.0,7.0,1.0,7.0,8.0
2,2,2,2,,32,92,6.0,1.0,6.0,1.0,6.0,1.0,6.0,2.0,6.0,1.0,6.0,1.0,6.0,7.0
3,3,3,3,,91,16,8.0,3.0,10.0,1.0,10.0,1.0,10.0,3.0,10.0,1.0,10.0,1.0,10.0,10.0
4,4,4,4,,8,92,6.0,1.0,6.0,0.0,6.0,1.0,6.0,2.0,6.0,0.0,6.0,1.0,6.0,7.0
5,5,5,5,,76,42,6.0,1.0,6.0,4.0,10.0,2.0,10.0,3.0,10.0,1.0,10.0,2.0,10.0,10.0
6,6,6,6,,27,92,7.0,1.0,7.0,1.0,7.0,1.0,7.0,3.0,7.0,1.0,7.0,1.0,7.0,7.0
7,7,7,7,,103,217,7.0,1.0,7.0,2.0,7.0,3.0,10.0,3.0,10.0,1.0,10.0,3.0,10.0,10.0
8,8,8,8,,4,166,7.0,0.0,7.0,0.0,7.0,0.0,7.0,0.0,7.0,0.0,7.0,0.0,7.0,8.0
9,9,9,9,,83,16,6.0,3.0,6.0,1.0,6.0,1.0,6.0,3.0,6.0,1.0,6.0,1.0,6.0,7.0
10,10,10,10,,44,16,5.0,2.0,5.0,1.0,5.0,1.0,5.0,3.0,5.0,1.0,5.0,2.0,5.0,7.0
11,11,11,11,,9,92,6.0,1.0,6.0,0.0,6.0,1.0,6.0,1.0,6.0,0.0,6.0,1.0,6.0,7.0
12,12,12,12,,78,16,7.0,3.0,7.0,1.0,7.0,1.0,7.0,3.0,7.0,1.0,7.0,1.0,7.0,8.0
13,13,13,13,,79,16,6.0,3.0,6.0,1.0,6.0,1.0,6.0,3.0,6.0,1.0,6.0,1.0,6.0,7.0
14,14,14,14,,85,16,7.0,3.0,7.0,1.0,7.0,1.0,7.0,3.0,7.0,1.0,7.0,1.0,7.0,7.0
15,15,15,15,,34,16,6.0,2.0,6.0,1.0,6.0,1.0,6.0,4.0,6.0,1.0,6.0,1.0,6.0,7.0
16,16,16,16,,77,217,7.0,1.0,7.0,2.0,7.0,2.0,7.0,3.0,7.0,1.0,7.0,5.0,7.0,8.0
17,17,17,17,,78,16,6.0,3.0,6.0,1.0,6.0,1.0,6.0,3.0,6.0,1.0,6.0,1.0,6.0,7.0
18,18,18,18,,110,60,6.0,1.0,6.0,1.0,6.0,2.0,6.0,3.0,6.0,1.0,6.0,2.0,6.0,7.0
19,19,19,19,,35,35,7.0,1.0,7.0,1.0,7.0,1.0,7.0,2.0,7.0,1.0,7.0,1.0,7.0,8.0
20,20,20,20,,79,60,7.0,1.0,7.0,1.0,7.0,2.0,7.0,3.0,7.0,1.0,7.0,2.0,7.0,7.0
21,21,21,21,,17,16,6.0,3.0,6.0,0.0,6.0,1.0,6.0,2.0,6.0,1.0,6.0,1.0,6.0,7.0
22,22,22,22,,71,35,8.0,1.0,8.0,1.0,8.0,1.0,8.0,2.0,8.0,1.0,8.0,1.0,8.0,8.0
23,23,23,23,,69,49,6.0,1.0,6.0,1.0,6.0,1.0,6.0,2.0,6.0,1.0,6.0,1.0,6.0,7.0
24,24,24,24,,71,360,7.0,2.0,7.0,1.0,7.0,1.0,7.0,2.0,7.0,4.0,7.0,1.0,7.0,7.0
25,25,25,25,,50,60,8.0,1.0,8.0,1.0,8.0,1.0,8.0,2.0,8.0,1.0,8.0,2.0,8.0,8.0
26,26,26,26,,48,217,7.0,1.0,7.0,2.0,7.0,3.0,7.0,3.0,7.0,1.0,7.0,3.0,7.0,8.0
27,27,27,27,,20,60,6.0,1.0,6.0,1.0,6.0,1.0,6.0,3.0,6.0,1.0,6.0,1.0,6.0,6.0
28,28,28,28,,96,60,7.0,1.0,7.0,1.0,7.0,1.0,7.0,2.0,7.0,1.0,7.0,2.0,7.0,7.0
29,29,29,29,,32,92,7.0,1.0,7.0,1.0,7.0,1.0,7.0,2.0,7.0,1.0,7.0,1.0,7.0,8.0
30,30,30,30,,94,217,7.0,1.0,7.0,2.0,7.0,2.0,7.0,3.0,7.0,1.0,7.0,2.0,7.0,8.0
31,31,31,31,,57,217,7.0,1.0,7.0,2.0,7.0,3.0,7.0,3.0,7.0,1.0,7.0,3.0,7.0,8.0
32,32,32,32,,52,217,6.0,1.0,6.0,2.0,6.0,3.0,6.0,3.0,6.0,1.0,6.0,2.0,6.0,7.0
33,33,33,33,,86,16,6.0,2.0,6.0,1.0,6.0,2.0,6.0,6.0,10.0,1.0,10.0,2.0,10.0,10.0
34,34,34,34,,24,92,7.0,1.0,7.0,1.0,7.0,1.0,7.0,3.0,7.0,1.0,7.0,1.0,7.0,7.0
35,35,35,35,,75,60,6.0,1.0,6.0,1.0,6.0,1.0,6.0,2.0,6.0,1.0,6.0,2.0,6.0,6.0
36,36,36,36,,75,60,6.0,1.0,6.0,1.0,6.0,1.0,6.0,2.0,6.0,1.0,6.0,2.0,6.0,6.0
37,37,37,37,,14,217,6.0,1.0,6.0,8.0,7.0,3.0,7.0,3.0,7.0,1.0,7.0,2.0,7.0,6.0
38,38,38,38,,64,16,7.0,3.0,7.0,1.0,7.0,1.0,7.0,4.0,7.0,1.0,7.0,1.0,7.0,7.0
39,39,39,39,,1,16,6.0,0.0,6.0,0.0,6.0,0.0,6.0,0.0,6.0,0.0,6.0,0.0,6.0,7.0
40,40,40,40,,35,92,6.0,1.0,6.0,1.0,6.0,1.0,6.0,3.0,6.0,1.0,6.0,1.0,6.0,6.0
41,41,41,41,,74,360,5.0,2.0,5.0,1.0,5.0,1.0,5.0,2.0,5.0,4.0,10.0,2.0,10.0,10.0
42,42,42,42,,0,0,8.0,0.0,8.0,0.0,8.0,0.0,8.0,0.0,8.0,0.0,8.0,0.0,8.0,8.0
43,43,43,43,,66,217,6.0,1.0,6.0,2.0,6.0,2.0,6.0,3.0,6.0,1.0,6.0,2.0,6.0,7.0
44,44,44,44,,33,217,7.0,1.0,7.0,1.0,7.0,4.0,7.0,3.0,7.0,1.0,7.0,2.0,7.0,8.0
45,45,45,45,,61,153,7.0,1.0,7.0,1.0,7.0,1.0,7.0,2.0,7.0,1.0,7.0,1.0,7.0,8.0
46,46,46,46,,60,142,8.0,2.0,8.0,2.0,8.0,2.0,8.0,3.0,8.0,1.0,8.0,2.0,8.0,8.0
47,47,47,47,,34,92,7.0,1.0,7.0,1.0,7.0,1.0,7.0,2.0,7.0,1.0,7.0,1.0,7.0,8.0
48,48,48,48,,48,16,6.0,2.0,6.0,1.0,6.0,1.0,6.0,3.0,6.0,1.0,6.0,2.0,6.0,7.0
49,49,49,49,,18,270,7.0,1.0,7.0,1.0,7.0,1.0,7.0,2.0,7.0,1.0,7.0,1.0,7.0,7.0
50,50,50,50,,59,16,6.0,2.0,6.0,1.0,6.0,1.0,6.0,3.0,6.0,1.0,6.0,1.0,6.0,7.0
51,51,51,51,,19,217,7.0,1.0,7.0,1.0,7.0,2.0,7.0,3.0,7.0,0.0,7.0,2.0,7.0,8.0
52,52,52,52,,74,60,6.0,1.0,6.0,1.0,6.0,1.0,6.0,2.0,6.0,1.0,6.0,2.0,6.0,7.0
53,53,53,53,,84,60,6.0,1.0,6.0,1.0,6.0,2.0,6.0,2.0,6.0,1.0,6.0,3.0,6.0,7.0
54,54,54,54,,22,218,7.0,1.0,7.0,0.0,7.0,1.0,7.0,1.0,7.0,1.0,7.0,1.0,7.0,7.0
55,55,55,55,,20,375,7.0,1.0,7.0,1.0,7.0,2.0,7.0,3.0,7.0,1.0,7.0,2.0,7.0,7.0
56,56,56,56,,17,92,7.0,1.0,7.0,1.0,7.0,2.0,7.0,2.0,7.0,1.0,7.0,2.0,7.0,8.0
57,57,57,57,,45,92,8.0,1.0,8.0,1.0,8.0,1.0,8.0,2.0,8.0,1.0,8.0,1.0,8.0,8.0
58,58,58,58,,18,217,6.0,1.0,6.0,1.0,6.0,2.0,6.0,9.0,8.0,0.0,8.0,1.0,8.0,8.0
59,59,59,59,,8,375,6.0,1.0,6.0,1.0,6.0,1.0,6.0,1.0,6.0,0.0,6.0,1.0,6.0,7.0
60,60,60,60,,3,60,7.0,0.0,7.0,0.0,7.0,1.0,7.0,1.0,7.0,0.0,7.0,2.0,7.0,7.0
61,61,61,61,,68,142,5.0,1.0,5.0,1.0,5.0,1.0,5.0,2.0,5.0,1.0,5.0,2.0,5.0,6.0
62,62,62,62,,15,166,6.0,1.0,6.0,0.0,6.0,1.0,6.0,1.0,6.0,1.0,6.0,1.0,6.0,7.0
63,63,63,63,,34,16,7.0,2.0,7.0,1.0,7.0,1.0,7.0,4.0,7.0,1.0,7.0,1.0,7.0,8.0
64,64,64,64,,34,142,6.0,2.0,6.0,1.0,6.0,2.0,6.0,3.0,6.0,1.0,6.0,2.0,6.0,7.0
65,65,65,65,,152,16,8.0,3.0,8.0,1.0,8.0,1.0,8.0,3.0,8.0,2.0,8.0,1.0,8.0,8.0
66,66,66,66,,21,92,8.0,1.0,8.0,1.0,8.0,1.0,8.0,3.0,8.0,1.0,8.0,1.0,8.0,8.0
67,67,67,67,,6,16,6.0,3.0,6.0,1.0,6.0,1.0,6.0,2.0,6.0,1.0,6.0,1.0,6.0,6.0
68,68,68,68,,37,217,7.0,1.0,7.0,2.0,7.0,3.0,7.0,4.0,7.0,1.0,7.0,3.0,7.0,8.0
69,69,69,69,,59,35,7.0,1.0,7.0,1.0,7.0,1.0,7.0,2.0,7.0,1.0,7.0,1.0,7.0,8.0
70,70,70,70,,22,387,5.0,1.0,5.0,1.0,5.0,1.0,5.0,1.0,5.0,1.0,5.0,1.0,5.0,7.0
71,71,71,71,,0,1,5.0,0.0,5.0,0.0,5.0,0.0,5.0,0.0,5.0,0.0,5.0,0.0,5.0,6.0
72,72,72,72,,8,375,6.0,2.0,6.0,0.0,6.0,1.0,6.0,1.0,6.0,1.0,6.0,1.0,6.0,7.0
73,73,73,73,,18,270,5.0,1.0,5.0,1.0,5.0,1.0,5.0,2.0,5.0,1.0,5.0,2.0,5.0,6.0
74,74,74,74,,59,345,8.0,1.0,8.0,1.0,8.0,2.0,8.0,4.0,8.0,1.0,8.0,2.0,8.0,8.0
75,75,75,75,,71,360,6.0,2.0,6.0,1.0,6.0,1.0,6.0,2.0,6.0,4.0,6.0,1.0,6.0,7.0
76,76,76,76,,41,369,6.0,1.0,6.0,1.0,6.0,2.0,6.0,3.0,6.0,1.0,6.0,9.0,7.0,7.0
77,77,77,77,,36,92,8.0,1.0,8.0,1.0,8.0,1.0,8.0,3.0,8.0,1.0,8.0,1.0,8.0,8.0
78,78,78,78,,9,217,7.0,1.0,7.0,2.0,7.0,9.0,8.0,5.0,8.0,0.0,8.0,6.0,8.0,7.0
79,79,79,79,,37,217,7.0,1.0,7.0,2.0,7.0,3.0,7.0,3.0,7.0,1.0,7.0,3.0,7.0,7.0
80,80,80,80,,64,360,6.0,2.0,6.0,1.0,6.0,1.0,6.0,2.0,6.0,5.0,6.0,1.0,6.0,7.0
81,81,81,81,,65,360,7.0,2.0,7.0,1.0,7.0,1.0,7.0,2.0,7.0,4.0,7.0,1.0,7.0,7.0
82,82,82,82,,24,92,7.0,1.0,7.0,1.0,7.0,1.0,7.0,2.0,7.0,1.0,7.0,1.0,7.0,7.0
83,83,83,83,,2,387,5.0,0.0,5.0,0.0,5.0,0.0,5.0,0.0,5.0,0.0,5.0,0.0,5.0,6.0
84,84,84,84,,0,2,6.0,0.0,6.0,0.0,6.0,0.0,6.0,0.0,6.0,0.0,6.0,0.0,6.0,6.0
85,85,85,85,,47,217,8.0,1.0,8.0,2.0,8.0,2.0,8.0,3.0,8.0,1.0,8.0,3.0,8.0,8.0
86,86,86,86,,2,20,6.0,0.0,6.0,0.0,6.0,0.0,6.0,0.0,6.0,0.0,6.0,0.0,6.0,6.0
87,87,87,87,,22,92,6.0,1.0,6.0,1.0,6.0,1.0,6.0,2.0,6.0,1.0,6.0,1.0,6.0,7.0
88,88,88,88,,33,92,8.0,1.0,8.0,1.0,8.0,2.0,8.0,3.0,8.0,1.0,8.0,2.0,8.0,8.0
89,89,89,89,,33,92,7.0,1.0,7.0,1.0,7.0,2.0,7.0,3.0,7.0,1.0,7.0,2.0,7.0,7.0
90,90,90,90,,45,369,6.0,1.0,6.0,1.0,6.0,2.0,6.0,3.0,6.0,1.0,6.0,8.0,7.0,8.0
91,91,91,91,,8,375,5.0,1.0,5.0,0.0,5.0,1.0,5.0,1.0,5.0,0.0,5.0,1.0,5.0,6.0
92,92,92,92,,49,16,8.0,2.0,8.0,1.0,8.0,1.0,8.0,8.0,8.0,1.0,8.0,2.0,8.0,8.0
93,93,93,93,,54,153,6.0,1.0,6.0,1.0,6.0,1.0,6.0,2.0,6.0,1.0,6.0,1.0,6.0,7.0
94,94,94,94,,36,217,8.0,1.0,8.0,2.0,8.0,3.0,8.0,3.0,8.0,1.0,8.0,3.0,8.0,8.0
95,95,95,95,,85,16,8.0,3.0,8.0,1.0,8.0,1.0,8.0,3.0,8.0,1.0,8.0,1.0,8.0,8.0
96,96,96,96,,89,16,8.0,3.0,8.0,1.0,8.0,1.0,8.0,3.0,8.0,1.0,8.0,1.0,8.0,8.0
97,97,97,97,,0,3,7.0,0.0,7.0,0.0,7.0,0.0,7.0,0.0,7.0,0.0,7.0,0.0,7.0,7.0
98,98,98,98,,67,35,7.0,1.0,7.0,1.0,7.0,1.0,7.0,2.0,7.0,1.0,7.0,1.0,7.0,8.0
99,99,99,99,,12,270,7.0,1.0,7.0,1.0,7.0,1.0,7.0,1.0,7.0,0.0,7.0,1.0,7.0,8.0
100,100,100,100,,2,35,7.0,0.0,7.0,0.0,7.0,0.0,7.0,0.0,7.0,0.0,7.0,0.0,7.0,7.0
101,101,101,101,,2,92,7.0,0.0,7.0,0.0,7.0,0.0,7.0,0.0,7.0,0.0,7.0,0.0,7.0,8.0
102,102,102,102,,75,360,7.0,2.0,7.0,1.0,7.0,1.0,7.0,2.0,7.0,4.0,7.0,1.0,7.0,8.0
103,103,103,103,,3,218,6.0,1.0,6.0,1.0,6.0,0.0,6.0,1.0,6.0,0.0,6.0,1.0,6.0,6.0
104,104,104,104,,37,272,6.0,2.0,6.0,1.0,6.0,1.0,6.0,2.0,6.0,1.0,6.0,1.0,6.0,6.0
105,105,105,105,,49,217,7.0,1.0,7.0,2.0,7.0,3.0,7.0,3.0,7.0,1.0,7.0,2.0,7.0,7.0
106,106,106,106,,33,16,6.0,2.0,6.0,1.0,6.0,1.0,6.0,4.0,6.0,1.0,6.0,1.0,6.0,6.0
107,107,107,107,,15,217,6.0,2.0,6.0,1.0,6.0,2.0,6.0,3.0,6.0,1.0,6.0,2.0,6.0,7.0
108,108,108,108,,27,166,6.0,1.0,6.0,1.0,6.0,1.0,6.0,2.0,6.0,1.0,6.0,1.0,6.0,6.0
109,109,109,109,,22,375,6.0,1.0,6.0,1.0,6.0,1.0,6.0,2.0,6.0,0.0,6.0,1.0,6.0,7.0
110,110,110,110,,90,16,7.0,3.0,7.0,1.0,7.0,1.0,7.0,3.0,7.0,1.0,7.0,1.0,7.0,7.0
111,111,111,111,,66,60,7.0,1.0,7.0,1.0,7.0,2.0,7.0,2.0,7.0,1.0,7.0,2.0,7.0,7.0
112,112,112,112,,22,60,6.0,1.0,6.0,1.0,6.0,1.0,6.0,1.0,6.0,0.0,6.0,1.0,6.0,6.0
113,113,113,113,,3,166,7.0,0.0,7.0,0.0,7.0,0.0,7.0,0.0,7.0,0.0,7.0,0.0,7.0,8.0
114,114,114,114,,23,375,8.0,1.0,8.0,1.0,8.0,2.0,8.0,2.0,8.0,1.0,8.0,2.0,8.0,8.0
115,115,115,115,,61,16,6.0,2.0,6.0,1.0,6.0,1.0,6.0,7.0,6.0,1.0,6.0,1.0,6.0,7.0
116,116,116,116,,120,360,7.0,2.0,7.0,1.0,7.0,1.0,7.0,2.0,7.0,3.0,7.0,2.0,7.0,7.0
117,117,117,117,,106,217,7.0,1.0,7.0,1.0,7.0,2.0,7.0,3.0,7.0,1.0,7.0,2.0,7.0,7.0
118,118,118,118,,36,92,8.0,1.0,8.0,1.0,8.0,1.0,8.0,2.0,8.0,1.0,8.0,1.0,8.0,8.0
119,119,119,119,,135,16,8.0,3.0,8.0,1.0,8.0,1.0,8.0,3.0,8.0,2.0,8.0,1.0,8.0,8.0
120,120,120,120,,5,16,6.0,5.0,6.0,0.0,6.0,1.0,6.0,4.0,6.0,1.0,6.0,1.0,6.0,6.0
121,121,121,121,,4,345,6.0,1.0,6.0,1.0,6.0,1.0,6.0,1.0,6.0,0.0,6.0,1.0,6.0,7.0
122,122,122,122,,3,166,6.0,0.0,6.0,0.0,6.0,0.0,6.0,0.0,6.0,0.0,6.0,0.0,6.0,7.0
123,123,123,123,,13,142,6.0,1.0,6.0,1.0,6.0,1.0,6.0,2.0,6.0,1.0,6.0,1.0,6.0,7.0
124,124,124,124,,71,345,7.0,1.0,7.0,1.0,7.0,1.0,7.0,3.0,7.0,1.0,7.0,2.0,7.0,7.0
125,125,125,125,,13,142,7.0,1.0,7.0,1.0,7.0,1.0,7.0,2.0,7.0,1.0,7.0,1.0,7.0,7.0
126,126,126,126,,50,217,7.0,1.0,7.0,2.0,7.0,3.0,7.0,3.0,7.0,1.0,7.0,3.0,7.0,8.0
127,127,127,127,,61,142,7.0,1.0,7.0,1.0,7.0,1.0,7.0,3.0,7.0,1.0,7.0,2.0,7.0,8.0
128,128,128,128,,73,16,7.0,3.0,7.0,1.0,7.0,1.0,7.0,3.0,7.0,1.0,7.0,1.0,7.0,7.0
129,129,129,129,,50,217,7.0,1.0,7.0,2.0,7.0,2.0,7.0,3.0,7.0,1.0,7.0,3.0,7.0,7.0
130,130,130,130,,63,16,6.0,2.0,6.0,1.0,6.0,1.0,6.0,6.0,6.0,1.0,6.0,1.0,6.0,7.0
131,131,131,131,,0,4,5.0,0.0,5.0,0.0,5.0,0.0,5.0,0.0,5.0,0.0,5.0,0.0,5.0,5.0
132,132,132,132,,39,16,6.0,2.0,6.0,1.0,6.0,2.0,6.0,3.0,6.0,1.0,6.0,2.0,6.0,7.0
133,133,133,133,,99,217,6.0,1.0,6.0,2.0,6.0,2.0,6.0,3.0,6.0,1.0,6.0,2.0,6.0,6.0
134,134,134,134,,18,92,7.0,1.0,7.0,1.0,7.0,1.0,7.0,2.0,7.0,1.0,7.0,1.0,7.0,8.0
135,135,135,135,,80,217,6.0,1.0,6.0,2.0,6.0,2.0,6.0,3.0,6.0,1.0,6.0,2.0,6.0,6.0
136,136,136,136,,2,16,6.0,2.0,6.0,0.0,6.0,0.0,6.0,1.0,6.0,0.0,6.0,0.0,6.0,6.0
137,137,137,137,,103,16,7.0,3.0,7.0,1.0,7.0,1.0,7.0,5.0,7.0,1.0,7.0,1.0,7.0,7.0
138,138,138,138,,64,360,5.0,2.0,5.0,1.0,5.0,1.0,5.0,2.0,5.0,5.0,5.0,1.0,5.0,6.0
139,139,139,139,,18,92,7.0,1.0,7.0,1.0,7.0,1.0,7.0,2.0,7.0,1.0,7.0,1.0,7.0,7.0
140,140,140,140,,10,375,6.0,1.0,6.0,1.0,6.0,1.0,6.0,1.0,6.0,0.0,6.0,1.0,6.0,7.0
141,141,141,141,,0,5,6.0,0.0,6.0,0.0,6.0,0.0,6.0,0.0,6.0,0.0,6.0,0.0,6.0,7.0
142,142,142,142,,34,16,6.0,2.0,6.0,1.0,6.0,1.0,6.0,4.0,6.0,1.0,6.0,1.0,6.0,7.0
143,143,143,143,,49,16,6.0,2.0,6.0,1.0,6.0,1.0,6.0,8.0,7.0,1.0,7.0,2.0,7.0,8.0
144,144,144,144,,9,16,7.0,2.0,7.0,1.0,7.0,1.0,7.0,2.0,7.0,1.0,7.0,3.0,7.0,7.0
145,145,145,145,,52,60,7.0,1.0,7.0,1.0,7.0,1.0,7.0,2.0,7.0,1.0,7.0,2.0,7.0,8.0
146,146,146,146,,67,16,6.0,4.0,6.0,1.0,6.0,1.0,6.0,4.0,6.0,1.0,6.0,1.0,6.0,7.0
147,147,147,147,,1,212,6.0,0.0,6.0,0.0,6.0,0.0,6.0,0.0,6.0,0.0,6.0,0.0,6.0,7.0
148,148,148,148,,18,270,5.0,1.0,5.0,1.0,5.0,1.0,5.0,1.0,5.0,1.0,5.0,1.0,5.0,7.0
149,149,149,149,,37,16,6.0,2.0,6.0,1.0,6.0,1.0,6.0,2.0,6.0,1.0,6.0,2.0,6.0,7.0
150,150,150,150,,106,60,6.0,1.0,6.0,1.0,6.0,2.0,6.0,3.0,6.0,1.0,6.0,2.0,6.0,7.0
151,151,151,151,,44,369,6.0,1.0,6.0,1.0,6.0,2.0,6.0,3.0,6.0,1.0,6.0,8.0,7.0,7.0
152,152,152,152,,10,217,7.0,1.0,7.0,1.0,7.0,2.0,7.0,3.0,7.0,0.0,7.0,2.0,7.0,8.0
153,153,153,153,,35,92,7.0,1.0,7.0,1.0,7.0,1.0,7.0,2.0,7.0,1.0,7.0,1.0,7.0,8.0
154,154,154,154,,0,6,7.0,0.0,7.0,0.0,7.0,0.0,7.0,0.0,7.0,0.0,7.0,0.0,7.0,7.0
155,155,155,155,,4,375,6.0,0.0,6.0,0.0,6.0,0.0,6.0,1.0,6.0,0.0,6.0,0.0,6.0,6.0
156,156,156,156,,79,16,7.0,3.0,7.0,1.0,7.0,1.0,7.0,3.0,7.0,1.0,7.0,1.0,7.0,7.0
157,157,157,157,,13,16,6.0,3.0,6.0,0.0,6.0,1.0,6.0,2.0,6.0,0.0,6.0,1.0,6.0,7.0
158,158,158,158,,21,92,7.0,1.0,7.0,1.0,7.0,1.0,7.0,2.0,7.0,1.0,7.0,1.0,7.0,8.0
159,159,159,159,,60,217,7.0,1.0,7.0,2.0,7.0,3.0,7.0,3.0,7.0,1.0,7.0,2.0,7.0,7.0
160,160,160,160,,46,16,8.0,2.0,8.0,1.0,8.0,1.0,8.0,8.0,8.0,1.0,8.0,2.0,8.0,8.0
161,161,161,161,,0,7,5.0,0.0,5.0,0.0,5.0,0.0,5.0,0.0,5.0,0.0,5.0,0.0,5.0,6.0
162,162,162,162,,17,270,5.0,1.0,5.0,1.0,5.0,1.0,5.0,2.0,5.0,1.0,5.0,1.0,5.0,6.0
163,163,163,163,,28,16,7.0,3.0,7.0,1.0,7.0,1.0,7.0,3.0,7.0,1.0,7.0,2.0,7.0,8.0
164,164,164,164,,37,272,6.0,1.0,6.0,1.0,6.0,1.0,6.0,1.0,6.0,0.0,6.0,1.0,6.0,7.0
165,165,165,165,,78,217,5.0,1.0,5.0,2.0,5.0,3.0,5.0,3.0,5.0,1.0,5.0,2.0,5.0,6.0
166,166,166,166,,55,92,5.0,1.0,5.0,1.0,5.0,1.0,5.0,2.0,5.0,1.0,5.0,2.0,5.0,6.0
167,167,167,167,,19,375,6.0,1.0,6.0,0.0,6.0,1.0,6.0,1.0,6.0,0.0,6.0,1.0,6.0,7.0
168,168,168,168,,13,372,6.0,3.0,6.0,1.0,6.0,2.0,6.0,1.0,6.0,1.0,6.0,2.0,6.0,7.0
169,169,169,169,,68,217,7.0,1.0,7.0,2.0,7.0,2.0,7.0,3.0,7.0,1.0,7.0,5.0,10.0,10.0
170,170,170,170,,20,375,6.0,1.0,6.0,1.0,6.0,1.0,6.0,1.0,6.0,0.0,6.0,1.0,6.0,7.0
171,171,171,171,,3,799,7.0,0.0,7.0,0.0,7.0,0.0,7.0,0.0,7.0,0.0,7.0,0.0,7.0,8.0
172,172,172,172,,26,375,6.0,1.0,6.0,1.0,6.0,1.0,6.0,1.0,6.0,1.0,6.0,1.0,6.0,7.0
173,173,173,173,,97,16,6.0,2.0,6.0,1.0,6.0,1.0,6.0,5.0,6.0,1.0,6.0,2.0,6.0,6.0
174,174,174,174,,44,217,6.0,1.0,6.0,2.0,6.0,2.0,6.0,3.0,6.0,1.0,6.0,3.0,6.0,6.0
175,175,175,175,,86,60,6.0,1.0,6.0,1.0,6.0,2.0,6.0,2.0,6.0,1.0,6.0,3.0,6.0,7.0
176,176,176,176,,8,387,7.0,0.0,7.0,0.0,7.0,0.0,7.0,0.0,7.0,0.0,7.0,0.0,7.0,7.0
177,177,177,177,,0,8,6.0,0.0,6.0,0.0,6.0,0.0,6.0,0.0,6.0,0.0,6.0,0.0,6.0,7.0
178,178,178,178,,1,16,7.0,2.0,7.0,0.0,7.0,0.0,7.0,1.0,7.0,0.0,7.0,0.0,7.0,7.0
179,179,179,179,,5,16,7.0,4.0,7.0,0.0,7.0,0.0,7.0,3.0,7.0,0.0,7.0,0.0,7.0,7.0
180,180,180,180,,52,16,7.0,2.0,7.0,1.0,7.0,1.0,7.0,8.0,8.0,1.0,8.0,2.0,8.0,8.0
181,181,181,181,,102,16,7.0,3.0,7.0,1.0,7.0,1.0,7.0,5.0,7.0,1.0,7.0,1.0,7.0,8.0
182,182,182,182,,89,345,7.0,1.0,7.0,1.0,7.0,2.0,7.0,3.0,7.0,1.0,7.0,3.0,7.0,7.0
183,183,183,183,,68,360,7.0,2.0,7.0,1.0,7.0,1.0,7.0,2.0,7.0,4.0,7.0,1.0,7.0,8.0
184,184,184,184,,11,166,7.0,2.0,7.0,0.0,7.0,1.0,7.0,4.0,7.0,0.0,7.0,1.0,7.0,7.0
185,185,185,185,,84,60,6.0,1.0,6.0,1.0,6.0,2.0,6.0,2.0,6.0,1.0,6.0,3.0,6.0,7.0
186,186,186,186,,48,16,6.0,2.0,6.0,1.0,6.0,1.0,6.0,3.0,6.0,1.0,6.0,1.0,6.0,7.0
187,187,187,187,,30,92,6.0,1.0,6.0,1.0,6.0,2.0,6.0,3.0,6.0,1.0,6.0,2.0,6.0,7.0
188,188,188,188,,71,360,6.0,2.0,6.0,1.0,6.0,1.0,6.0,2.0,6.0,4.0,6.0,1.0,6.0,7.0
189,189,189,189,,24,375,6.0,1.0,6.0,1.0,6.0,1.0,6.0,2.0,6.0,1.0,6.0,1.0,6.0,6.0
190,190,190,190,,84,60,7.0,1.0,7.0,1.0,7.0,2.0,7.0,2.0,7.0,1.0,7.0,3.0,7.0,7.0
191,191,191,191,,56,60,8.0,1.0,8.0,1.0,8.0,2.0,8.0,2.0,8.0,1.0,8.0,2.0,8.0,8.0
192,192,192,192,,9,270,6.0,1.0,6.0,0.0,6.0,1.0,6.0,3.0,6.0,0.0,6.0,1.0,6.0,7.0
193,193,193,193,,71,360,5.0,2.0,5.0,1.0,5.0,1.0,5.0,2.0,5.0,4.0,5.0,1.0,5.0,5.0
194,194,194,194,,63,360,6.0,2.0,6.0,1.0,6.0,1.0,6.0,2.0,6.0,5.0,6.0,1.0,6.0,6.0
195,195,195,195,,18,345,6.0,1.0,6.0,1.0,6.0,2.0,6.0,3.0,6.0,1.0,6.0,3.0,6.0,7.0
196,196,196,196,,76,16,7.0,3.0,7.0,1.0,7.0,1.0,7.0,3.0,7.0,1.0,7.0,1.0,7.0,7.0
197,197,197,197,,59,60,8.0,1.0,8.0,1.0,8.0,2.0,8.0,2.0,8.0,1.0,8.0,2.0,8.0,8.0
198,198,198,198,,63,345,5.0,1.0,5.0,1.0,5.0,2.0,5.0,3.0,5.0,1.0,5.0,2.0,5.0,6.0
199,199,199,199,,33,16,8.0,3.0,8.0,1.0,8.0,1.0,8.0,3.0,8.0,1.0,8.0,1.0,8.0,8.0
200,200,200,200,,63,360,7.0,2.0,7.0,1.0,7.0,1.0,7.0,2.0,7.0,5.0,7.0,1.0,7.0,7.0
201,201,201,201,,73,16,7.0,3.0,7.0,1.0,7.0,1.0,7.0,3.0,7.0,1.0,7.0,1.0,7.0,7.0
202,202,202,202,,46,16,6.0,3.0,6.0,1.0,6.0,1.0,6.0,8.0,7.0,1.0,7.0,2.0,7.0,7.0
203,203,203,203,,4,16,7.0,2.0,7.0,1.0,7.0,1.0,7.0,1.0,7.0,0.0,7.0,1.0,7.0,7.0
204,204,204,204,,26,217,7.0,1.0,7.0,1.0,7.0,4.0,7.0,3.0,7.0,1.0,7.0,3.0,7.0,8.0
205,205,205,205,,114,16,7.0,2.0,7.0,1.0,7.0,1.0,7.0,3.0,7.0,1.0,7.0,1.0,7.0,8.0
206,206,206,206,,36,16,6.0,2.0,6.0,1.0,6.0,2.0,6.0,3.0,6.0,1.0,6.0,2.0,6.0,7.0
207,207,207,207,,54,272,7.0,1.0,7.0,1.0,7.0,1.0,7.0,1.0,7.0,0.0,7.0,1.0,7.0,8.0
208,208,208,208,,54,272,6.0,1.0,6.0,1.0,6.0,1.0,6.0,1.0,6.0,0.0,6.0,2.0,6.0,7.0
209,209,209,209,,69,360,6.0,2.0,6.0,1.0,6.0,1.0,6.0,2.0,6.0,4.0,6.0,1.0,6.0,7.0
210,210,210,210,,33,372,4.0,3.0,4.0,1.0,4.0,1.0,4.0,2.0,4.0,1.0,4.0,2.0,4.0,6.0
211,211,211,211,,58,60,6.0,2.0,6.0,1.0,6.0,1.0,6.0,2.0,6.0,1.0,6.0,2.0,6.0,6.0
212,212,212,212,,9,375,6.0,1.0,6.0,0.0,6.0,1.0,6.0,1.0,6.0,0.0,6.0,1.0,6.0,7.0
213,213,213,213,,70,16,6.0,3.0,6.0,1.0,6.0,1.0,6.0,4.0,6.0,1.0,6.0,1.0,6.0,7.0
214,214,214,214,,52,60,6.0,1.0,6.0,1.0,6.0,1.0,6.0,2.0,6.0,1.0,6.0,2.0,6.0,6.0
215,215,215,215,,67,217,5.0,1.0,5.0,1.0,5.0,2.0,5.0,3.0,5.0,1.0,5.0,2.0,5.0,7.0
216,216,216,216,,7,217,7.0,0.0,7.0,1.0,7.0,2.0,7.0,2.0,7.0,0.0,7.0,1.0,7.0,8.0
217,217,217,217,,31,42,5.0,1.0,5.0,8.0,6.0,1.0,6.0,2.0,6.0,1.0,6.0,2.0,6.0,6.0
218,218,218,218,,50,16,6.0,2.0,6.0,1.0,6.0,1.0,6.0,8.0,7.0,1.0,7.0,2.0,7.0,7.0
219,219,219,219,,26,369,5.0,1.0,5.0,1.0,5.0,1.0,5.0,2.0,5.0,1.0,5.0,1.0,5.0,7.0
220,220,220,220,,20,16,6.0,3.0,6.0,0.0,6.0,1.0,6.0,2.0,6.0,1.0,6.0,1.0,6.0,7.0
221,221,221,221,,42,369,5.0,1.0,5.0,1.0,5.0,2.0,5.0,3.0,5.0,1.0,5.0,9.0,7.0,6.0
222,222,222,222,,5,270,6.0,2.0,6.0,0.0,6.0,0.0,6.0,1.0,6.0,0.0,6.0,0.0,6.0,7.0
223,223,223,223,,17,142,6.0,1.0,6.0,1.0,6.0,1.0,6.0,2.0,6.0,0.0,6.0,1.0,6.0,7.0
224,224,224,224,,1,557,6.0,0.0,6.0,0.0,6.0,0.0,6.0,0.0,6.0,0.0,6.0,0.0,6.0,7.0
225,225,225,225,,68,142,6.0,1.0,6.0,1.0,6.0,1.0,6.0,2.0,6.0,1.0,6.0,2.0,6.0,7.0
226,226,226,226,,65,16,5.0,3.0,5.0,1.0,5.0,1.0,5.0,3.0,5.0,1.0,5.0,1.0,5.0,5.0
227,227,227,227,,39,42,6.0,1.0,6.0,2.0,6.0,1.0,6.0,2.0,6.0,1.0,6.0,2.0,6.0,7.0
228,228,228,228,,8,16,6.0,1.0,6.0,0.0,6.0,1.0,6.0,2.0,6.0,0.0,6.0,0.0,6.0,7.0
229,229,229,229,,49,60,7.0,1.0,7.0,1.0,7.0,2.0,7.0,2.0,7.0,1.0,7.0,2.0,7.0,7.0
230,230,230,230,,49,60,6.0,1.0,6.0,1.0,6.0,2.0,6.0,2.0,6.0,1.0,6.0,2.0,6.0,7.0
231,231,231,231,,25,92,8.0,1.0,8.0,1.0,8.0,1.0,8.0,3.0,8.0,1.0,8.0,1.0,8.0,8.0
232,232,232,232,,81,153,6.0,1.0,6.0,2.0,6.0,2.0,6.0,2.0,6.0,1.0,6.0,2.0,6.0,7.0
233,233,233,233,,49,60,6.0,1.0,6.0,1.0,6.0,2.0,6.0,2.0,6.0,1.0,6.0,2.0,6.0,7.0
234,234,234,234,,4,16,7.0,1.0,7.0,0.0,7.0,1.0,7.0,6.0,7.0,0.0,7.0,3.0,7.0,8.0
235,235,235,235,,2,60,5.0,0.0,5.0,0.0,5.0,0.0,5.0,0.0,5.0,0.0,5.0,0.0,5.0,5.0
236,236,236,236,,58,60,6.0,2.0,6.0,1.0,6.0,1.0,6.0,3.0,6.0,1.0,6.0,2.0,6.0,6.0
237,237,237,237,,0,9,6.0,0.0,6.0,0.0,6.0,0.0,6.0,0.0,6.0,0.0,6.0,0.0,6.0,7.0
238,238,238,238,,4,218,6.0,1.0,6.0,0.0,6.0,2.0,6.0,1.0,6.0,0.0,6.0,1.0,6.0,6.0
239,239,239,239,,12,375,7.0,1.0,7.0,1.0,7.0,1.0,7.0,1.0,7.0,1.0,7.0,1.0,7.0,7.0
240,240,240,240,,25,166,6.0,1.0,6.0,1.0,6.0,1.0,6.0,1.0,6.0,1.0,6.0,1.0,6.0,7.0
241,241,241,241,,23,60,6.0,2.0,6.0,1.0,6.0,1.0,6.0,2.0,6.0,1.0,6.0,2.0,6.0,6.0
242,242,242,242,,28,217,4.0,1.0,4.0,2.0,4.0,3.0,4.0,4.0,4.0,1.0,4.0,4.0,4.0,6.0
243,243,243,243,,46,369,6.0,1.0,6.0,1.0,6.0,2.0,6.0,3.0,6.0,1.0,6.0,8.0,7.0,8.0
244,244,244,244,,67,218,6.0,1.0,6.0,1.0,6.0,1.0,6.0,2.0,6.0,1.0,6.0,2.0,6.0,7.0
245,245,245,245,,18,375,6.0,1.0,6.0,0.0,6.0,1.0,6.0,1.0,6.0,0.0,6.0,0.0,6.0,7.0
246,246,246,246,,64,60,7.0,1.0,7.0,1.0,7.0,1.0,7.0,2.0,7.0,1.0,7.0,2.0,7.0,7.0
247,247,247,247,,70,49,6.0,1.0,6.0,1.0,6.0,1.0,6.0,2.0,6.0,1.0,6.0,1.0,6.0,7.0
248,248,248,248,,49,16,7.0,2.0,7.0,1.0,7.0,1.0,7.0,8.0,7.0,1.0,7.0,2.0,7.0,8.0
249,249,249,249,,21,16,6.0,2.0,6.0,1.0,6.0,1.0,6.0,2.0,6.0,1.0,6.0,1.0,6.0,7.0
250,250,250,250,,111,35,7.0,1.0,7.0,1.0,7.0,1.0,7.0,2.0,7.0,1.0,7.0,1.0,7.0,7.0
251,251,251,251,,18,92,5.0,1.0,5.0,1.0,5.0,2.0,5.0,3.0,5.0,1.0,5.0,3.0,5.0,5.0
252,252,252,252,,66,360,6.0,2.0,6.0,1.0,6.0,1.0,6.0,2.0,6.0,4.0,6.0,1.0,6.0,7.0
253,253,253,253,,0,10,6.0,0.0,6.0,0.0,6.0,0.0,6.0,0.0,6.0,0.0,6.0,0.0,6.0,7.0
254,254,254,254,,21,42,6.0,1.0,6.0,1.0,6.0,1.0,6.0,2.0,6.0,1.0,6.0,1.0,6.0,6.0
255,255,255,255,,8,92,6.0,1.0,6.0,0.0,6.0,0.0,6.0,1.0,6.0,1.0,6.0,0.0,6.0,6.0
256,256,256,256,,9,16,6.0,1.0,6.0,1.0,6.0,1.0,6.0,2.0,6.0,0.0,6.0,1.0,6.0,7.0
257,257,257,257,,130,60,7.0,1.0,7.0,1.0,7.0,2.0,7.0,3.0,7.0,1.0,7.0,3.0,7.0,8.0
258,258,258,258,,5,42,6.0,0.0,6.0,0.0,6.0,0.0,6.0,1.0,6.0,0.0,6.0,0.0,6.0,6.0
259,259,259,259,,21,166,4.0,1.0,4.0,1.0,4.0,1.0,4.0,2.0,4.0,1.0,4.0,2.0,4.0,6.0
260,260,260,260,,17,60,7.0,1.0,7.0,1.0,7.0,1.0,7.0,2.0,7.0,0.0,7.0,1.0,7.0,7.0
261,261,261,261,,38,153,6.0,1.0,6.0,1.0,6.0,1.0,6.0,2.0,6.0,1.0,6.0,1.0,6.0,7.0
262,262,262,262,,92,35,8.0,1.0,8.0,1.0,8.0,1.0,8.0,2.0,8.0,1.0,8.0,1.0,8.0,8.0
263,263,263,263,,20,272,6.0,1.0,6.0,1.0,6.0,1.0,6.0,2.0,6.0,0.0,6.0,1.0,6.0,7.0
264,264,264,264,,8,16,7.0,3.0,7.0,0.0,7.0,1.0,7.0,2.0,7.0,1.0,7.0,1.0,7.0,7.0
265,265,265,265,,37,42,5.0,1.0,5.0,1.0,5.0,1.0,5.0,2.0,5.0,1.0,5.0,1.0,5.0,5.0
266,266,266,266,,40,153,7.0,1.0,7.0,1.0,7.0,1.0,7.0,2.0,7.0,1.0,7.0,1.0,7.0,8.0
267,267,267,267,,48,16,7.0,3.0,7.0,1.0,7.0,1.0,7.0,3.0,7.0,1.0,7.0,1.0,7.0,7.0
268,268,268,268,,1,16,6.0,0.0,6.0,0.0,6.0,0.0,6.0,0.0,6.0,0.0,6.0,0.0,6.0,6.0
269,269,269,269,,25,92,7.0,1.0,7.0,1.0,7.0,1.0,7.0,3.0,7.0,1.0,7.0,1.0,7.0,7.0
270,270,270,270,,46,16,8.0,3.0,8.0,1.0,8.0,1.0,8.0,3.0,8.0,1.0,8.0,1.0,8.0,8.0
271,271,271,271,,21,60,7.0,2.0,7.0,1.0,7.0,1.0,7.0,2.0,7.0,1.0,7.0,2.0,7.0,7.0
272,272,272,272,,2,11,4.0,0.0,4.0,0.0,4.0,0.0,4.0,0.0,4.0,0.0,4.0,0.0,4.0,4.0
273,273,273,273,,41,16,6.0,2.0,6.0,1.0,6.0,1.0,6.0,3.0,6.0,1.0,6.0,1.0,6.0,7.0
274,274,274,274,,84,16,8.0,3.0,8.0,1.0,8.0,1.0,8.0,3.0,8.0,1.0,8.0,1.0,8.0,8.0
275,275,275,275,,88,60,7.0,1.0,7.0,1.0,7.0,2.0,7.0,2.0,7.0,1.0,7.0,2.0,7.0,8.0
276,276,276,276,,58,60,7.0,1.0,7.0,1.0,7.0,2.0,7.0,2.0,7.0,1.0,7.0,2.0,7.0,8.0
277,277,277,277,,7,360,7.0,1.0,7.0,1.0,7.0,1.0,7.0,1.0,7.0,10.0,9.0,1.0,9.0,8.0
278,278,278,278,,51,217,6.0,1.0,6.0,2.0,6.0,3.0,6.0,3.0,6.0,1.0,6.0,2.0,6.0,6.0
279,279,279,279,,15,60,8.0,1.0,8.0,1.0,8.0,1.0,8.0,2.0,8.0,0.0,8.0,2.0,8.0,8.0
280,280,280,280,,23,372,7.0,2.0,7.0,1.0,7.0,1.0,7.0,2.0,7.0,1.0,7.0,2.0,7.0,7.0
281,281,281,281,,25,16,7.0,3.0,7.0,1.0,7.0,1.0,7.0,2.0,7.0,1.0,7.0,1.0,7.0,8.0
282,282,282,282,,6,60,7.0,1.0,7.0,1.0,7.0,1.0,7.0,1.0,7.0,1.0,7.0,3.0,7.0,8.0
283,283,283,283,,40,16,6.0,3.0,6.0,1.0,6.0,1.0,6.0,4.0,6.0,1.0,6.0,1.0,6.0,6.0
284,284,284,284,,3,345,5.0,0.0,5.0,0.0,5.0,0.0,5.0,0.0,5.0,0.0,5.0,0.0,5.0,6.0
285,285,285,285,,2,217,6.0,0.0,6.0,0.0,6.0,0.0,6.0,0.0,6.0,0.0,6.0,0.0,6.0,7.0
286,286,286,286,,48,369,6.0,1.0,6.0,1.0,6.0,2.0,6.0,3.0,6.0,1.0,6.0,7.0,6.0,7.0
287,287,287,287,,70,35,8.0,1.0,8.0,1.0,8.0,1.0,8.0,2.0,8.0,1.0,8.0,1.0,8.0,8.0
288,288,288,288,,10,92,7.0,1.0,7.0,1.0,7.0,1.0,7.0,1.0,7.0,2.0,7.0,1.0,7.0,7.0
289,289,289,289,,43,270,7.0,1.0,7.0,1.0,7.0,1.0,7.0,2.0,7.0,1.0,7.0,1.0,7.0,8.0
290,290,290,290,,31,389,6.0,1.0,6.0,1.0,6.0,2.0,6.0,2.0,6.0,0.0,6.0,1.0,6.0,7.0
291,291,291,291,,44,16,6.0,2.0,6.0,1.0,6.0,1.0,6.0,3.0,6.0,1.0,6.0,1.0,6.0,7.0
292,292,292,292,,19,375,5.0,1.0,5.0,1.0,5.0,2.0,5.0,3.0,5.0,1.0,5.0,2.0,5.0,5.0
293,293,293,293,,0,12,6.0,0.0,6.0,0.0,6.0,0.0,6.0,0.0,6.0,0.0,6.0,0.0,6.0,7.0
294,294,294,294,,52,217,6.0,1.0,6.0,2.0,6.0,3.0,6.0,3.0,6.0,1.0,6.0,2.0,6.0,7.0
295,295,295,295,,73,360,6.0,2.0,6.0,1.0,6.0,1.0,6.0,2.0,6.0,4.0,6.0,1.0,6.0,7.0
296,296,296,296,,50,270,6.0,1.0,6.0,1.0,6.0,1.0,6.0,2.0,6.0,1.0,6.0,1.0,6.0,7.0
297,297,297,297,,86,360,7.0,2.0,7.0,1.0,7.0,1.0,7.0,2.0,7.0,4.0,7.0,1.0,7.0,7.0
298,298,298,298,,37,387,8.0,1.0,8.0,1.0,8.0,1.0,8.0,1.0,8.0,0.0,8.0,1.0,8.0,8.0
299,299,299,299,,33,372,5.0,3.0,5.0,1.0,5.0,1.0,5.0,2.0,5.0,1.0,5.0,2.0,5.0,7.0
300,300,300,300,,19,34,7.0,0.0,7.0,1.0,7.0,1.0,7.0,1.0,7.0,0.0,7.0,1.0,7.0,7.0
301,301,301,301,,19,217,7.0,1.0,7.0,1.0,7.0,1.0,7.0,2.0,7.0,0.0,7.0,1.0,7.0,7.0
302,302,302,302,,12,16,7.0,3.0,7.0,1.0,7.0,1.0,7.0,4.0,7.0,1.0,7.0,1.0,7.0,7.0
303,303,303,303,,77,142,4.0,2.0,4.0,1.0,4.0,1.0,4.0,2.0,4.0,1.0,4.0,1.0,4.0,6.0
304,304,304,304,,23,217,6.0,1.0,6.0,1.0,6.0,2.0,6.0,6.0,6.0,1.0,6.0,1.0,6.0,7.0
305,305,305,305,,65,360,7.0,2.0,7.0,1.0,7.0,1.0,7.0,2.0,7.0,4.0,7.0,1.0,7.0,8.0
306,306,306,306,,51,217,5.0,1.0,5.0,1.0,5.0,1.0,5.0,2.0,5.0,1.0,5.0,1.0,5.0,7.0
307,307,307,307,,23,217,6.0,1.0,6.0,2.0,6.0,5.0,6.0,3.0,6.0,1.0,6.0,3.0,6.0,7.0
308,308,308,308,,0,13,6.0,0.0,6.0,0.0,6.0,0.0,6.0,0.0,6.0,0.0,6.0,0.0,6.0,7.0
309,309,309,309,,21,270,4.0,1.0,4.0,0.0,4.0,1.0,4.0,1.0,4.0,0.0,4.0,1.0,4.0,4.0
310,310,310,310,,17,60,7.0,2.0,7.0,1.0,7.0,1.0,7.0,2.0,7.0,1.0,7.0,1.0,7.0,7.0
311,311,311,311,,46,16,4.0,2.0,4.0,1.0,4.0,1.0,4.0,8.0,6.0,1.0,6.0,2.0,6.0,7.0
312,312,312,312,,62,16,6.0,2.0,6.0,1.0,6.0,1.0,6.0,6.0,6.0,1.0,6.0,1.0,6.0,7.0
313,313,313,313,,52,345,7.0,1.0,7.0,1.0,7.0,2.0,7.0,3.0,7.0,1.0,7.0,2.0,7.0,7.0
314,314,314,314,,3,387,7.0,0.0,7.0,0.0,7.0,0.0,7.0,0.0,7.0,0.0,7.0,0.0,7.0,7.0
315,315,315,315,,41,369,6.0,1.0,6.0,1.0,6.0,2.0,6.0,3.0,6.0,1.0,6.0,9.0,8.0,7.0
316,316,316,316,,107,35,7.0,1.0,7.0,1.0,7.0,1.0,7.0,2.0,7.0,1.0,7.0,1.0,7.0,7.0
317,317,317,317,,5,49,7.0,0.0,7.0,0.0,7.0,0.0,7.0,0.0,7.0,0.0,7.0,0.0,7.0,8.0
318,318,318,318,,18,218,6.0,1.0,6.0,1.0,6.0,1.0,6.0,1.0,6.0,1.0,6.0,1.0,6.0,6.0
319,319,319,319,,23,375,5.0,1.0,5.0,0.0,5.0,1.0,5.0,1.0,5.0,0.0,5.0,1.0,5.0,7.0
320,320,320,320,,93,16,7.0,3.0,7.0,1.0,7.0,1.0,7.0,3.0,7.0,1.0,7.0,1.0,7.0,8.0
321,321,321,321,,7,42,6.0,0.0,6.0,0.0,6.0,0.0,6.0,1.0,6.0,0.0,6.0,0.0,6.0,6.0
322,322,322,322,,10,272,7.0,0.0,7.0,0.0,7.0,0.0,7.0,0.0,7.0,2.0,7.0,0.0,7.0,8.0
323,323,323,323,,54,218,5.0,1.0,5.0,1.0,5.0,1.0,5.0,2.0,5.0,1.0,5.0,1.0,5.0,6.0
324,324,324,324,,105,16,7.0,3.0,7.0,1.0,7.0,1.0,7.0,5.0,7.0,1.0,7.0,1.0,7.0,8.0
325,325,325,325,,47,16,6.0,2.0,6.0,1.0,6.0,1.0,6.0,8.0,7.0,1.0,7.0,2.0,7.0,7.0
326,326,326,326,,27,375,7.0,1.0,7.0,1.0,7.0,2.0,7.0,3.0,7.0,1.0,7.0,2.0,7.0,7.0
327,327,327,327,,82,60,7.0,1.0,7.0,1.0,7.0,1.0,7.0,2.0,7.0,1.0,7.0,2.0,7.0,7.0
328,328,328,328,,45,92,8.0,1.0,8.0,1.0,8.0,1.0,8.0,2.0,8.0,1.0,8.0,1.0,8.0,8.0
329,329,329,329,,92,35,8.0,1.0,8.0,1.0,8.0,1.0,8.0,2.0,8.0,1.0,8.0,1.0,8.0,8.0
330,330,330,330,,92,35,8.0,1.0,8.0,1.0,8.0,1.0,8.0,2.0,8.0,1.0,8.0,1.0,8.0,8.0
331,331,331,331,,17,16,5.0,2.0,5.0,1.0,5.0,1.0,5.0,2.0,5.0,1.0,5.0,2.0,5.0,6.0
332,332,332,332,,38,142,6.0,1.0,6.0,1.0,6.0,1.0,6.0,1.0,6.0,1.0,6.0,1.0,6.0,7.0
333,333,333,333,,9,16,6.0,10.0,8.0,1.0,8.0,1.0,8.0,2.0,8.0,2.0,8.0,1.0,8.0,7.0
334,334,334,334,,69,60,6.0,1.0,6.0,1.0,6.0,2.0,6.0,2.0,6.0,1.0,6.0,3.0,6.0,7.0
335,335,335,335,,17,375,7.0,1.0,7.0,1.0,7.0,2.0,7.0,3.0,7.0,0.0,7.0,3.0,7.0,7.0
336,336,336,336,,52,60,6.0,1.0,6.0,1.0,6.0,1.0,6.0,2.0,6.0,1.0,6.0,2.0,6.0,7.0
337,337,337,337,,0,14,5.0,0.0,5.0,0.0,5.0,0.0,5.0,0.0,5.0,0.0,5.0,0.0,5.0,7.0
338,338,338,338,,39,375,6.0,1.0,6.0,1.0,6.0,1.0,6.0,2.0,6.0,1.0,6.0,1.0,6.0,6.0
339,339,339,339,,35,92,7.0,1.0,7.0,1.0,7.0,1.0,7.0,2.0,7.0,1.0,7.0,1.0,7.0,8.0
340,340,340,340,,19,272,6.0,1.0,6.0,1.0,6.0,1.0,6.0,1.0,6.0,0.0,6.0,2.0,6.0,7.0
341,341,341,341,,74,345,6.0,1.0,6.0,1.0,6.0,1.0,6.0,3.0,6.0,1.0,6.0,2.0,6.0,7.0
342,342,342,342,,106,60,7.0,1.0,7.0,1.0,7.0,2.0,7.0,3.0,7.0,1.0,7.0,2.0,7.0,8.0
343,343,343,343,,19,92,7.0,1.0,7.0,1.0,7.0,1.0,7.0,3.0,7.0,1.0,7.0,1.0,7.0,7.0
344,344,344,344,,49,16,6.0,2.0,6.0,1.0,6.0,1.0,6.0,3.0,6.0,1.0,6.0,1.0,6.0,7.0
345,345,345,345,,18,217,6.0,1.0,6.0,1.0,6.0,2.0,6.0,9.0,8.0,0.0,8.0,1.0,8.0,8.0
346,346,346,346,,45,369,6.0,1.0,6.0,1.0,6.0,2.0,6.0,3.0,6.0,1.0,6.0,8.0,7.0,7.0
347,347,347,347,,24,218,7.0,1.0,7.0,1.0,7.0,1.0,7.0,3.0,7.0,1.0,7.0,1.0,7.0,7.0
348,348,348,348,,44,16,7.0,3.0,7.0,1.0,7.0,1.0,7.0,8.0,7.0,1.0,7.0,2.0,7.0,7.0
349,349,349,349,,19,217,7.0,1.0,7.0,1.0,7.0,1.0,7.0,2.0,7.0,1.0,7.0,1.0,7.0,8.0
350,350,350,350,,24,345,6.0,1.0,6.0,3.0,6.0,2.0,6.0,2.0,6.0,1.0,6.0,2.0,6.0,7.0
351,351,351,351,,30,387,8.0,1.0,8.0,1.0,8.0,1.0,8.0,1.0,8.0,1.0,8.0,1.0,8.0,8.0
352,352,352,352,,47,272,8.0,1.0,8.0,1.0,8.0,1.0,8.0,1.0,8.0,0.0,8.0,1.0,8.0,8.0
353,353,353,353,,19,217,7.0,1.0,7.0,1.0,7.0,1.0,7.0,2.0,7.0,1.0,7.0,1.0,7.0,7.0
354,354,354,354,,12,35,7.0,1.0,7.0,1.0,7.0,1.0,7.0,1.0,7.0,0.0,7.0,1.0,7.0,7.0
355,355,355,355,,33,272,7.0,1.0,7.0,1.0,7.0,1.0,7.0,1.0,7.0,0.0,7.0,1.0,7.0,8.0
356,356,356,356,,63,142,7.0,1.0,7.0,1.0,7.0,1.0,7.0,3.0,7.0,1.0,7.0,2.0,7.0,8.0
357,357,357,357,,1,360,5.0,0.0,5.0,0.0,5.0,0.0,5.0,0.0,5.0,0.0,5.0,0.0,5.0,6.0
358,358,358,358,,65,360,7.0,2.0,7.0,1.0,7.0,1.0,7.0,2.0,7.0,4.0,7.0,1.0,7.0,7.0
359,359,359,359,,26,218,6.0,1.0,6.0,1.0,6.0,1.0,6.0,2.0,6.0,0.0,6.0,1.0,6.0,7.0
360,360,360,360,,21,142,7.0,2.0,7.0,1.0,7.0,2.0,7.0,3.0,7.0,1.0,7.0,2.0,7.0,7.0
361,361,361,361,,22,166,6.0,1.0,6.0,1.0,6.0,1.0,6.0,1.0,6.0,1.0,6.0,1.0,6.0,6.0
362,362,362,362,,48,166,6.0,1.0,6.0,1.0,6.0,1.0,6.0,2.0,6.0,1.0,6.0,1.0,6.0,7.0
363,363,363,363,,87,60,7.0,1.0,7.0,1.0,7.0,2.0,7.0,2.0,7.0,1.0,7.0,2.0,7.0,7.0
364,364,364,364,,26,166,5.0,2.0,5.0,1.0,5.0,1.0,5.0,2.0,5.0,1.0,5.0,2.0,5.0,6.0
365,365,365,365,,45,369,7.0,1.0,7.0,1.0,7.0,2.0,7.0,3.0,7.0,1.0,7.0,8.0,8.0,7.0
366,366,366,366,,47,272,6.0,1.0,6.0,1.0,6.0,1.0,6.0,1.0,6.0,0.0,6.0,1.0,6.0,7.0
367,367,367,367,,79,360,6.0,2.0,6.0,1.0,6.0,1.0,6.0,2.0,6.0,4.0,6.0,1.0,6.0,6.0
368,368,368,368,,9,60,6.0,1.0,6.0,1.0,6.0,1.0,6.0,4.0,6.0,0.0,6.0,2.0,6.0,7.0
369,369,369,369,,42,369,6.0,1.0,6.0,1.0,6.0,2.0,6.0,3.0,6.0,1.0,6.0,9.0,7.0,7.0
370,370,370,370,,3,92,7.0,0.0,7.0,0.0,7.0,0.0,7.0,0.0,7.0,0.0,7.0,0.0,7.0,8.0
371,371,371,371,,38,142,6.0,1.0,6.0,1.0,6.0,1.0,6.0,1.0,6.0,1.0,6.0,1.0,6.0,6.0
372,372,372,372,,40,16,7.0,3.0,7.0,1.0,7.0,1.0,7.0,4.0,7.0,1.0,7.0,1.0,7.0,8.0
373,373,373,373,,28,799,6.0,1.0,6.0,0.0,6.0,1.0,6.0,1.0,6.0,1.0,6.0,1.0,6.0,6.0
374,374,374,374,,44,16,7.0,3.0,7.0,1.0,7.0,1.0,7.0,8.0,7.0,1.0,7.0,2.0,7.0,7.0
375,375,375,375,,59,60,7.0,1.0,7.0,1.0,7.0,1.0,7.0,2.0,7.0,1.0,7.0,2.0,7.0,7.0
376,376,376,376,,38,369,5.0,1.0,5.0,1.0,5.0,2.0,5.0,3.0,5.0,1.0,5.0,10.0,8.0,6.0
377,377,377,377,,47,60,6.0,1.0,6.0,1.0,6.0,1.0,6.0,2.0,6.0,1.0,6.0,2.0,6.0,6.0
378,378,378,378,,12,272,6.0,1.0,6.0,1.0,6.0,1.0,6.0,1.0,6.0,1.0,6.0,1.0,6.0,6.0
379,379,379,379,,26,34,7.0,0.0,7.0,1.0,7.0,1.0,7.0,1.0,7.0,0.0,7.0,1.0,7.0,7.0
380,380,380,380,,41,92,7.0,2.0,7.0,1.0,7.0,1.0,7.0,2.0,7.0,1.0,7.0,1.0,7.0,7.0
381,381,381,381,,0,15,5.0,0.0,5.0,0.0,5.0,0.0,5.0,0.0,5.0,0.0,5.0,0.0,5.0,6.0
382,382,382,382,,23,92,7.0,1.0,7.0,1.0,7.0,1.0,7.0,2.0,7.0,2.0,7.0,1.0,7.0,7.0
383,383,383,383,,73,60,6.0,1.0,6.0,1.0,6.0,2.0,6.0,2.0,6.0,1.0,6.0,2.0,6.0,7.0
384,384,384,384,,44,369,8.0,1.0,8.0,1.0,8.0,2.0,8.0,3.0,8.0,1.0,8.0,9.0,8.0,8.0
385,385,385,385,,104,16,6.0,2.0,6.0,1.0,6.0,1.0,6.0,5.0,6.0,1.0,6.0,2.0,6.0,6.0
386,386,386,386,,50,16,7.0,2.0,7.0,1.0,7.0,1.0,7.0,8.0,8.0,1.0,8.0,2.0,8.0,8.0
387,387,387,387,,60,272,6.0,1.0,6.0,1.0,6.0,1.0,6.0,1.0,6.0,1.0,6.0,1.0,6.0,7.0
388,388,388,388,,70,49,7.0,1.0,7.0,1.0,7.0,1.0,7.0,2.0,7.0,1.0,7.0,1.0,7.0,7.0
389,389,389,389,,14,388,6.0,0.0,6.0,0.0,6.0,1.0,6.0,1.0,6.0,0.0,6.0,1.0,6.0,7.0
390,390,390,390,,23,218,7.0,1.0,7.0,1.0,7.0,1.0,7.0,2.0,7.0,0.0,7.0,1.0,7.0,7.0
391,391,391,391,,18,92,7.0,1.0,7.0,1.0,7.0,1.0,7.0,2.0,7.0,1.0,7.0,1.0,7.0,7.0
392,392,392,392,,17,217,6.0,1.0,6.0,1.0,6.0,2.0,6.0,3.0,6.0,1.0,6.0,2.0,6.0,7.0
393,393,393,393,,1,92,5.0,0.0,5.0,0.0,5.0,0.0,5.0,0.0,5.0,0.0,5.0,0.0,5.0,5.0
394,394,394,394,,77,345,6.0,1.0,6.0,1.0,6.0,2.0,6.0,3.0,6.0,1.0,6.0,2.0,6.0,7.0
395,395,395,395,,63,16,7.0,3.0,7.0,1.0,7.0,1.0,7.0,4.0,7.0,1.0,7.0,2.0,7.0,7.0
396,396,396,396,,79,16,7.0,2.0,7.0,1.0,7.0,1.0,7.0,3.0,7.0,1.0,7.0,1.0,7.0,8.0
397,397,397,397,,75,16,6.0,3.0,6.0,1.0,6.0,1.0,6.0,3.0,6.0,1.0,6.0,1.0,6.0,6.0
398,398,398,398,,24,49,7.0,1.0,7.0,1.0,7.0,1.0,7.0,2.0,7.0,1.0,7.0,1.0,7.0,7.0
399,399,399,399,,2,16,6.0,2.0,6.0,0.0,6.0,0.0,6.0,1.0,6.0,0.0,6.0,0.0,6.0,7.0
400,400,400,400,,2,218,7.0,0.0,7.0,0.0,7.0,0.0,7.0,0.0,7.0,0.0,7.0,0.0,7.0,7.0
401,401,401,401,,50,60,7.0,1.0,7.0,1.0,7.0,2.0,7.0,2.0,7.0,1.0,7.0,2.0,7.0,7.0
402,402,402,402,,44,16,6.0,2.0,6.0,1.0,6.0,1.0,6.0,4.0,6.0,1.0,6.0,1.0,6.0,7.0
403,403,403,403,,28,272,6.0,1.0,6.0,0.0,6.0,1.0,6.0,1.0,6.0,0.0,6.0,1.0,6.0,7.0
404,404,404,404,,48,60,7.0,1.0,7.0,1.0,7.0,2.0,7.0,2.0,7.0,1.0,7.0,2.0,7.0,7.0
405,405,405,405,,49,217,6.0,1.0,6.0,1.0,6.0,3.0,6.0,3.0,6.0,1.0,6.0,2.0,6.0,7.0
406,406,406,406,,33,16,7.0,2.0,7.0,1.0,7.0,1.0,7.0,4.0,7.0,1.0,7.0,1.0,7.0,7.0
407,407,407,407,,30,92,7.0,1.0,7.0,1.0,7.0,1.0,7.0,2.0,7.0,1.0,7.0,1.0,7.0,7.0
408,408,408,408,,37,142,6.0,1.0,6.0,1.0,6.0,1.0,6.0,1.0,6.0,1.0,6.0,1.0,6.0,7.0
409,409,409,409,,3,49,7.0,0.0,7.0,0.0,7.0,0.0,7.0,0.0,7.0,0.0,7.0,0.0,7.0,7.0
410,410,410,410,,22,217,6.0,1.0,6.0,1.0,6.0,1.0,6.0,2.0,6.0,1.0,6.0,1.0,6.0,7.0
411,411,411,411,,1,375,7.0,0.0,7.0,0.0,7.0,0.0,7.0,0.0,7.0,0.0,7.0,0.0,7.0,8.0
412,412,412,412,,28,42,5.0,1.0,5.0,8.0,7.0,1.0,7.0,2.0,7.0,1.0,7.0,1.0,7.0,7.0
413,413,413,413,,18,270,5.0,1.0,5.0,1.0,5.0,1.0,5.0,2.0,5.0,1.0,5.0,1.0,5.0,5.0
414,414,414,414,,37,42,5.0,1.0,5.0,1.0,5.0,1.0,5.0,2.0,5.0,0.0,5.0,1.0,5.0,6.0
415,415,415,415,,1,217,7.0,0.0,7.0,0.0,7.0,0.0,7.0,0.0,7.0,0.0,7.0,0.0,7.0,8.0
416,416,416,416,,22,166,6.0,1.0,6.0,1.0,6.0,1.0,6.0,1.0,6.0,1.0,6.0,1.0,6.0,6.0
417,417,417,417,,4,799,7.0,0.0,7.0,0.0,7.0,0.0,7.0,1.0,7.0,0.0,7.0,0.0,7.0,7.0
418,418,418,418,,0,17,5.0,0.0,5.0,0.0,5.0,0.0,5.0,0.0,5.0,0.0,5.0,0.0,5.0,5.0
419,419,419,419,,8,16,6.0,1.0,6.0,1.0,6.0,1.0,6.0,9.0,8.0,0.0,8.0,1.0,8.0,7.0
420,420,420,420,,56,217,7.0,1.0,7.0,2.0,7.0,3.0,7.0,3.0,7.0,1.0,7.0,2.0,7.0,7.0
421,421,421,421,,12,35,7.0,1.0,7.0,1.0,7.0,1.0,7.0,1.0,7.0,0.0,7.0,1.0,7.0,7.0
422,422,422,422,,3,375,6.0,0.0,6.0,0.0,6.0,0.0,6.0,0.0,6.0,0.0,6.0,0.0,6.0,6.0
423,423,423,423,,59,270,6.0,1.0,6.0,1.0,6.0,1.0,6.0,2.0,6.0,1.0,6.0,1.0,6.0,7.0
424,424,424,424,,46,389,6.0,1.0,6.0,1.0,6.0,2.0,6.0,2.0,6.0,0.0,6.0,2.0,6.0,6.0
425,425,425,425,,61,217,7.0,1.0,7.0,1.0,7.0,2.0,7.0,3.0,7.0,1.0,7.0,2.0,7.0,7.0
426,426,426,426,,69,360,7.0,2.0,7.0,1.0,7.0,1.0,7.0,2.0,7.0,4.0,7.0,1.0,7.0,7.0
427,427,427,427,,0,18,6.0,0.0,6.0,0.0,6.0,0.0,6.0,0.0,6.0,0.0,6.0,0.0,6.0,6.0
428,428,428,428,,60,217,7.0,2.0,7.0,2.0,7.0,3.0,7.0,3.0,7.0,1.0,7.0,2.0,7.0,8.0
429,429,429,429,,5,16,6.0,1.0,6.0,0.0,6.0,0.0,6.0,5.0,6.0,0.0,6.0,1.0,6.0,7.0
430,430,430,430,,41,369,7.0,1.0,7.0,1.0,7.0,2.0,7.0,4.0,7.0,1.0,7.0,9.0,8.0,7.0
431,431,431,431,,58,217,6.0,1.0,6.0,2.0,6.0,3.0,6.0,3.0,6.0,1.0,6.0,2.0,6.0,6.0
432,432,432,432,,106,60,6.0,1.0,6.0,1.0,6.0,2.0,6.0,2.0,6.0,1.0,6.0,2.0,6.0,7.0
433,433,433,433,,0,19,6.0,0.0,6.0,0.0,6.0,0.0,6.0,0.0,6.0,0.0,6.0,0.0,6.0,7.0
434,434,434,434,,37,166,6.0,1.0,6.0,1.0,6.0,1.0,6.0,1.0,6.0,1.0,6.0,1.0,6.0,6.0
435,435,435,435,,2,20,5.0,0.0,5.0,0.0,5.0,0.0,5.0,0.0,5.0,0.0,5.0,0.0,5.0,6.0
436,436,436,436,,22,166,6.0,1.0,6.0,1.0,6.0,1.0,6.0,1.0,6.0,1.0,6.0,1.0,6.0,6.0
437,437,437,437,,75,16,6.0,2.0,6.0,1.0,6.0,1.0,6.0,2.0,6.0,1.0,6.0,1.0,6.0,7.0
438,438,438,438,,0,21,6.0,0.0,6.0,0.0,6.0,0.0,6.0,0.0,6.0,0.0,6.0,0.0,6.0,7.0
439,439,439,439,,22,387,8.0,1.0,8.0,0.0,8.0,1.0,8.0,1.0,8.0,0.0,8.0,1.0,8.0,8.0
440,440,440,440,,17,42,5.0,0.0,5.0,1.0,5.0,1.0,5.0,1.0,5.0,0.0,5.0,1.0,5.0,6.0
441,441,441,441,,46,16,6.0,2.0,6.0,1.0,6.0,1.0,6.0,8.0,7.0,1.0,7.0,2.0,7.0,7.0
442,442,442,442,,58,16,7.0,2.0,7.0,1.0,7.0,1.0,7.0,7.0,7.0,1.0,7.0,2.0,7.0,8.0
443,443,443,443,,3,375,6.0,0.0,6.0,0.0,6.0,0.0,6.0,0.0,6.0,0.0,6.0,0.0,6.0,6.0
444,444,444,444,,39,92,7.0,1.0,7.0,1.0,7.0,1.0,7.0,2.0,7.0,1.0,7.0,2.0,7.0,7.0
445,445,445,445,,22,166,6.0,1.0,6.0,1.0,6.0,1.0,6.0,1.0,6.0,1.0,6.0,1.0,6.0,7.0
446,446,446,446,,54,16,7.0,2.0,7.0,1.0,7.0,1.0,7.0,2.0,7.0,1.0,7.0,1.0,7.0,7.0
447,447,447,447,,82,60,6.0,1.0,6.0,1.0,6.0,2.0,6.0,3.0,6.0,1.0,6.0,3.0,6.0,7.0
448,448,448,448,,69,35,7.0,1.0,7.0,1.0,7.0,1.0,7.0,2.0,7.0,1.0,7.0,1.0,7.0,7.0
449,449,449,449,,20,142,7.0,2.0,7.0,1.0,7.0,1.0,7.0,2.0,7.0,1.0,7.0,2.0,7.0,8.0
450,450,450,450,,5,218,5.0,1.0,5.0,0.0,5.0,0.0,5.0,1.0,5.0,0.0,5.0,0.0,5.0,6.0
451,451,451,451,,103,60,5.0,1.0,5.0,1.0,5.0,1.0,5.0,2.0,5.0,1.0,5.0,2.0,5.0,6.0
452,452,452,452,,63,360,7.0,2.0,7.0,1.0,7.0,1.0,7.0,2.0,7.0,5.0,7.0,1.0,7.0,7.0
453,453,453,453,,58,345,6.0,1.0,6.0,1.0,6.0,2.0,6.0,3.0,6.0,1.0,6.0,2.0,6.0,7.0
454,454,454,454,,1,106,5.0,0.0,5.0,0.0,5.0,0.0,5.0,0.0,5.0,0.0,5.0,0.0,5.0,6.0
455,455,455,455,,38,375,7.0,1.0,7.0,1.0,7.0,1.0,7.0,2.0,7.0,1.0,7.0,1.0,7.0,7.0
456,456,456,456,,26,375,7.0,2.0,7.0,1.0,7.0,1.0,7.0,2.0,7.0,1.0,7.0,1.0,7.0,8.0
457,457,457,457,,30,270,6.0,1.0,6.0,1.0,6.0,1.0,6.0,1.0,6.0,1.0,6.0,1.0,6.0,7.0
458,458,458,458,,5,49,5.0,0.0,5.0,0.0,5.0,0.0,5.0,1.0,5.0,0.0,5.0,0.0,5.0,6.0
459,459,459,459,,62,16,7.0,4.0,7.0,1.0,7.0,1.0,7.0,4.0,7.0,1.0,7.0,1.0,7.0,8.0
460,460,460,460,,0,22,5.0,0.0,5.0,0.0,5.0,0.0,5.0,0.0,5.0,0.0,5.0,0.0,5.0,6.0
461,461,461,461,,26,217,5.0,1.0,5.0,1.0,5.0,1.0,5.0,3.0,5.0,1.0,5.0,2.0,5.0,6.0
462,462,462,462,,18,375,6.0,1.0,6.0,0.0,6.0,1.0,6.0,1.0,6.0,1.0,6.0,1.0,6.0,6.0
463,463,463,463,,0,23,8.0,0.0,8.0,0.0,8.0,0.0,8.0,0.0,8.0,0.0,8.0,0.0,8.0,8.0
464,464,464,464,,1,476,7.0,0.0,7.0,0.0,7.0,0.0,7.0,0.0,7.0,0.0,7.0,0.0,7.0,7.0
465,465,465,465,,6,34,7.0,0.0,7.0,0.0,7.0,1.0,7.0,1.0,7.0,0.0,7.0,0.0,7.0,7.0
466,466,466,466,,15,272,6.0,3.0,6.0,0.0,6.0,1.0,6.0,2.0,6.0,1.0,6.0,1.0,6.0,6.0
467,467,467,467,,48,60,6.0,1.0,6.0,1.0,6.0,1.0,6.0,3.0,6.0,1.0,6.0,2.0,6.0,7.0
468,468,468,468,,78,42,6.0,1.0,6.0,3.0,6.0,1.0,6.0,2.0,6.0,1.0,6.0,2.0,6.0,7.0
469,469,469,469,,115,60,6.0,1.0,6.0,1.0,6.0,1.0,6.0,2.0,6.0,1.0,6.0,2.0,6.0,7.0
470,470,470,470,,36,272,7.0,1.0,7.0,1.0,7.0,1.0,7.0,1.0,7.0,0.0,7.0,1.0,7.0,7.0
471,471,471,471,,7,345,5.0,1.0,5.0,1.0,5.0,1.0,5.0,2.0,5.0,1.0,5.0,1.0,5.0,6.0
472,472,472,472,,79,35,6.0,1.0,6.0,1.0,6.0,1.0,6.0,2.0,6.0,1.0,6.0,1.0,6.0,7.0
473,473,473,473,,51,217,6.0,1.0,6.0,2.0,6.0,3.0,6.0,3.0,6.0,1.0,6.0,2.0,6.0,6.0
474,474,474,474,,0,24,6.0,0.0,6.0,0.0,6.0,0.0,6.0,0.0,6.0,0.0,6.0,0.0,6.0,6.0
475,475,475,475,,46,272,7.0,1.0,7.0,1.0,7.0,1.0,7.0,1.0,7.0,0.0,7.0,1.0,7.0,8.0
476,476,476,476,,3,34,6.0,0.0,6.0,0.0,6.0,0.0,6.0,3.0,6.0,0.0,6.0,0.0,6.0,7.0
477,477,477,477,,21,272,7.0,1.0,7.0,1.0,7.0,1.0,7.0,2.0,7.0,0.0,7.0,1.0,7.0,7.0
478,478,478,478,,27,270,6.0,1.0,6.0,1.0,6.0,1.0,6.0,1.0,6.0,0.0,6.0,1.0,6.0,7.0
479,479,479,479,,6,388,5.0,1.0,5.0,0.0,5.0,0.0,5.0,1.0,5.0,0.0,5.0,0.0,5.0,6.0
480,480,480,480,,5,372,3.0,1.0,3.0,0.0,3.0,0.0,3.0,1.0,3.0,0.0,3.0,1.0,3.0,5.0
481,481,481,481,,48,272,6.0,1.0,6.0,1.0,6.0,1.0,6.0,1.0,6.0,0.0,6.0,1.0,6.0,6.0
482,482,482,482,,1,47,5.0,0.0,5.0,0.0,5.0,0.0,5.0,0.0,5.0,0.0,5.0,0.0,5.0,5.0
483,483,483,483,,41,217,5.0,1.0,5.0,1.0,5.0,3.0,5.0,2.0,5.0,1.0,5.0,2.0,5.0,7.0
484,484,484,484,,65,360,6.0,2.0,6.0,1.0,6.0,1.0,6.0,2.0,6.0,4.0,6.0,1.0,6.0,6.0
485,485,485,485,,2,16,5.0,0.0,5.0,0.0,5.0,0.0,5.0,1.0,5.0,0.0,5.0,0.0,5.0,6.0
486,486,486,486,,0,25,6.0,0.0,6.0,0.0,6.0,0.0,6.0,0.0,6.0,0.0,6.0,0.0,6.0,6.0
487,487,487,487,,37,142,5.0,1.0,5.0,1.0,5.0,1.0,5.0,1.0,5.0,1.0,5.0,1.0,5.0,6.0
488,488,488,488,,10,272,6.0,0.0,6.0,0.0,6.0,0.0,6.0,0.0,6.0,2.0,6.0,0.0,6.0,7.0
489,489,489,489,,9,387,7.0,1.0,7.0,0.0,7.0,1.0,7.0,2.0,7.0,1.0,7.0,1.0,7.0,7.0
490,490,490,490,,24,270,5.0,1.0,5.0,1.0,5.0,1.0,5.0,2.0,5.0,1.0,5.0,1.0,5.0,5.0
491,491,491,491,,18,388,5.0,1.0,5.0,1.0,5.0,1.0,5.0,1.0,5.0,0.0,5.0,1.0,5.0,7.0
492,492,492,492,,0,26,5.0,0.0,5.0,0.0,5.0,0.0,5.0,0.0,5.0,0.0,5.0,0.0,5.0,5.0
493,493,493,493,,64,60,8.0,2.0,8.0,1.0,8.0,1.0,8.0,2.0,8.0,1.0,8.0,2.0,8.0,8.0
494,494,494,494,,66,16,8.0,3.0,8.0,1.0,8.0,1.0,8.0,3.0,8.0,1.0,8.0,2.0,8.0,8.0
495,495,495,495,,4,218,6.0,1.0,6.0,1.0,6.0,1.0,6.0,1.0,6.0,0.0,6.0,1.0,6.0,7.0
496,496,496,496,,48,16,6.0,2.0,6.0,1.0,6.0,1.0,6.0,7.0,7.0,1.0,7.0,1.0,7.0,7.0
497,497,497,497,,67,217,7.0,1.0,7.0,2.0,7.0,2.0,7.0,4.0,7.0,1.0,7.0,2.0,7.0,7.0
498,498,498,498,,66,360,7.0,2.0,7.0,1.0,7.0,1.0,7.0,2.0,7.0,4.0,7.0,2.0,7.0,7.0
499,499,499,499,,2,30,4.0,0.0,4.0,0.0,4.0,0.0,4.0,0.0,4.0,0.0,4.0,0.0,4.0,5.0
500,500,500,500,,24,375,6.0,1.0,6.0,1.0,6.0,1.0,6.0,1.0,6.0,0.0,6.0,1.0,6.0,7.0
501,501,501,501,,0,27,8.0,0.0,8.0,0.0,8.0,0.0,8.0,0.0,8.0,0.0,8.0,0.0,8.0,8.0
502,502,502,502,,83,142,6.0,2.0,6.0,1.0,6.0,1.0,6.0,3.0,6.0,1.0,6.0,2.0,6.0,6.0
503,503,503,503,,0,28,4.0,0.0,4.0,0.0,4.0,0.0,4.0,0.0,4.0,0.0,4.0,0.0,4.0,6.0
504,504,504,504,,3,42,6.0,1.0,6.0,0.0,6.0,0.0,6.0,0.0,6.0,0.0,6.0,0.0,6.0,6.0
505,505,505,505,,20,272,6.0,1.0,6.0,1.0,6.0,1.0,6.0,2.0,6.0,0.0,6.0,1.0,6.0,6.0
506,506,506,506,,8,42,7.0,2.0,7.0,0.0,7.0,1.0,7.0,1.0,7.0,0.0,7.0,0.0,7.0,7.0
507,507,507,507,,23,375,7.0,1.0,7.0,0.0,7.0,1.0,7.0,1.0,7.0,0.0,7.0,1.0,7.0,8.0
508,508,508,508,,82,60,6.0,1.0,6.0,1.0,6.0,2.0,6.0,2.0,6.0,1.0,6.0,3.0,6.0,7.0
509,509,509,509,,64,16,7.0,4.0,7.0,1.0,7.0,1.0,7.0,4.0,7.0,1.0,7.0,1.0,7.0,7.0
510,510,510,510,,12,389,7.0,1.0,7.0,1.0,7.0,1.0,7.0,1.0,7.0,0.0,7.0,1.0,7.0,8.0
511,511,511,511,,4,16,7.0,2.0,7.0,1.0,7.0,1.0,7.0,1.0,7.0,0.0,7.0,1.0,7.0,7.0
512,512,512,512,,68,217,6.0,1.0,6.0,1.0,6.0,2.0,6.0,3.0,6.0,1.0,6.0,2.0,6.0,7.0
513,513,513,513,,84,16,7.0,3.0,7.0,1.0,7.0,1.0,7.0,3.0,7.0,1.0,7.0,1.0,7.0,8.0
514,514,514,514,,44,16,7.0,3.0,7.0,1.0,7.0,1.0,7.0,8.0,7.0,1.0,7.0,2.0,7.0,7.0
515,515,515,515,,23,166,7.0,1.0,7.0,1.0,7.0,1.0,7.0,2.0,7.0,1.0,7.0,1.0,7.0,7.0
516,516,516,516,,5,375,7.0,0.0,7.0,0.0,7.0,0.0,7.0,1.0,7.0,0.0,7.0,0.0,7.0,7.0
517,517,517,517,,40,16,5.0,2.0,5.0,1.0,5.0,1.0,5.0,2.0,5.0,1.0,5.0,2.0,5.0,5.0
518,518,518,518,,0,29,4.0,0.0,4.0,0.0,4.0,0.0,4.0,0.0,4.0,0.0,4.0,0.0,4.0,6.0
519,519,519,519,,40,217,7.0,1.0,7.0,1.0,7.0,3.0,7.0,3.0,7.0,1.0,7.0,2.0,7.0,7.0
520,520,520,520,,2,30,6.0,0.0,6.0,0.0,6.0,0.0,6.0,0.0,6.0,0.0,6.0,0.0,6.0,6.0
521,521,521,521,,92,60,7.0,1.0,7.0,1.0,7.0,2.0,7.0,2.0,7.0,1.0,7.0,3.0,7.0,7.0
522,522,522,522,,1,60,6.0,0.0,6.0,0.0,6.0,0.0,6.0,0.0,6.0,0.0,6.0,0.0,6.0,6.0
523,523,523,523,,70,360,6.0,2.0,6.0,1.0,6.0,1.0,6.0,2.0,6.0,4.0,6.0,1.0,6.0,7.0
524,524,524,524,,70,360,7.0,2.0,7.0,1.0,7.0,1.0,7.0,2.0,7.0,4.0,7.0,1.0,7.0,7.0
525,525,525,525,,69,16,6.0,3.0,6.0,1.0,6.0,1.0,6.0,4.0,6.0,1.0,6.0,1.0,6.0,6.0
526,526,526,526,,9,375,7.0,1.0,7.0,1.0,7.0,7.0,7.0,3.0,7.0,1.0,7.0,4.0,7.0,7.0
527,527,527,527,,51,16,5.0,2.0,5.0,1.0,5.0,1.0,5.0,7.0,6.0,1.0,6.0,2.0,6.0,6.0
528,528,528,528,,81,60,7.0,1.0,7.0,1.0,7.0,2.0,7.0,2.0,7.0,1.0,7.0,3.0,7.0,7.0
529,529,529,529,,75,16,6.0,3.0,6.0,1.0,6.0,1.0,6.0,3.0,6.0,1.0,6.0,1.0,6.0,7.0
530,530,530,530,,2,156,6.0,0.0,6.0,0.0,6.0,0.0,6.0,0.0,6.0,0.0,6.0,0.0,6.0,7.0
531,531,531,531,,18,92,7.0,1.0,7.0,1.0,7.0,1.0,7.0,2.0,7.0,1.0,7.0,1.0,7.0,7.0
532,532,532,532,,67,16,6.0,3.0,6.0,1.0,6.0,1.0,6.0,4.0,6.0,1.0,6.0,2.0,6.0,6.0
533,533,533,533,,72,60,6.0,1.0,6.0,1.0,6.0,2.0,6.0,2.0,6.0,1.0,6.0,4.0,6.0,7.0
534,534,534,534,,47,42,6.0,1.0,6.0,5.0,6.0,1.0,6.0,2.0,6.0,1.0,6.0,1.0,6.0,7.0
535,535,535,535,,51,272,6.0,1.0,6.0,1.0,6.0,1.0,6.0,1.0,6.0,1.0,6.0,1.0,6.0,7.0
536,536,536,536,,19,49,6.0,1.0,6.0,0.0,6.0,0.0,6.0,1.0,6.0,0.0,6.0,0.0,6.0,7.0
537,537,537,537,,17,217,6.0,1.0,6.0,1.0,6.0,1.0,6.0,2.0,6.0,1.0,6.0,1.0,6.0,6.0
538,538,538,538,,32,49,6.0,1.0,6.0,1.0,6.0,1.0,6.0,1.0,6.0,1.0,6.0,1.0,6.0,6.0
539,539,539,539,,30,142,6.0,1.0,6.0,1.0,6.0,1.0,6.0,1.0,6.0,1.0,6.0,1.0,6.0,7.0
540,540,540,540,,7,272,5.0,0.0,5.0,0.0,5.0,0.0,5.0,1.0,5.0,0.0,5.0,0.0,5.0,6.0
541,541,541,541,,12,388,6.0,0.0,6.0,0.0,6.0,0.0,6.0,1.0,6.0,0.0,6.0,0.0,6.0,7.0
542,542,542,542,,1,689,6.0,0.0,6.0,0.0,6.0,0.0,6.0,0.0,6.0,0.0,6.0,0.0,6.0,7.0
543,543,543,543,,20,60,4.0,1.0,4.0,1.0,4.0,1.0,4.0,2.0,4.0,1.0,4.0,2.0,4.0,6.0
544,544,544,544,,41,153,6.0,1.0,6.0,1.0,6.0,1.0,6.0,2.0,6.0,1.0,6.0,1.0,6.0,7.0
545,545,545,545,,76,360,7.0,2.0,7.0,1.0,7.0,1.0,7.0,2.0,7.0,4.0,7.0,1.0,7.0,7.0
546,546,546,546,,8,42,6.0,2.0,6.0,0.0,6.0,1.0,6.0,1.0,6.0,0.0,6.0,0.0,6.0,7.0
547,547,547,547,,39,16,6.0,2.0,6.0,1.0,6.0,1.0,6.0,3.0,6.0,1.0,6.0,2.0,6.0,7.0
548,548,548,548,,16,799,6.0,1.0,6.0,0.0,6.0,1.0,6.0,1.0,6.0,0.0,6.0,1.0,6.0,6.0
549,549,549,549,,23,372,6.0,2.0,6.0,1.0,6.0,1.0,6.0,2.0,6.0,1.0,6.0,2.0,6.0,6.0
550,550,550,550,,0,31,6.0,0.0,6.0,0.0,6.0,0.0,6.0,0.0,6.0,0.0,6.0,0.0,6.0,6.0
551,551,551,551,,22,49,5.0,1.0,5.0,0.0,5.0,1.0,5.0,1.0,5.0,0.0,5.0,0.0,5.0,6.0
552,552,552,552,,33,218,6.0,1.0,6.0,1.0,6.0,1.0,6.0,1.0,6.0,1.0,6.0,1.0,6.0,6.0
553,553,553,553,,74,217,7.0,1.0,7.0,2.0,7.0,2.0,7.0,3.0,7.0,1.0,7.0,2.0,7.0,7.0
554,554,554,554,,31,217,6.0,1.0,6.0,1.0,6.0,1.0,6.0,2.0,6.0,1.0,6.0,1.0,6.0,6.0
555,555,555,555,,30,42,5.0,1.0,5.0,1.0,5.0,1.0,5.0,2.0,5.0,0.0,5.0,1.0,5.0,5.0
556,556,556,556,,50,60,8.0,1.0,8.0,1.0,8.0,1.0,8.0,2.0,8.0,1.0,8.0,2.0,8.0,8.0
557,557,557,557,,29,92,7.0,1.0,7.0,1.0,7.0,1.0,7.0,2.0,7.0,1.0,7.0,1.0,7.0,7.0
558,558,558,558,,64,16,7.0,3.0,7.0,1.0,7.0,1.0,7.0,3.0,7.0,1.0,7.0,1.0,7.0,7.0
559,559,559,559,,34,389,7.0,1.0,7.0,1.0,7.0,1.0,7.0,2.0,7.0,1.0,7.0,1.0,7.0,7.0
560,560,560,560,,16,272,5.0,1.0,5.0,1.0,5.0,1.0,5.0,1.0,5.0,0.0,5.0,2.0,5.0,6.0
561,561,561,561,,9,375,7.0,0.0,7.0,0.0,7.0,1.0,7.0,1.0,7.0,0.0,7.0,1.0,7.0,8.0
562,562,562,562,,64,360,6.0,2.0,6.0,1.0,6.0,1.0,6.0,2.0,6.0,5.0,6.0,1.0,6.0,6.0
563,563,563,563,,9,42,5.0,0.0,5.0,1.0,5.0,1.0,5.0,1.0,5.0,0.0,5.0,0.0,5.0,6.0
564,564,564,564,,73,360,6.0,2.0,6.0,1.0,6.0,1.0,6.0,2.0,6.0,4.0,6.0,2.0,6.0,7.0
565,565,565,565,,39,16,7.0,3.0,7.0,1.0,7.0,1.0,7.0,4.0,7.0,1.0,7.0,1.0,7.0,7.0
566,566,566,566,,24,92,7.0,1.0,7.0,1.0,7.0,1.0,7.0,3.0,7.0,1.0,7.0,1.0,7.0,7.0
567,567,567,567,,69,360,6.0,2.0,6.0,1.0,6.0,1.0,6.0,2.0,6.0,4.0,6.0,1.0,6.0,6.0
568,568,568,568,,33,270,6.0,1.0,6.0,1.0,6.0,1.0,6.0,1.0,6.0,0.0,6.0,1.0,6.0,7.0
569,569,569,569,,46,270,6.0,1.0,6.0,1.0,6.0,1.0,6.0,2.0,6.0,1.0,6.0,1.0,6.0,6.0
570,570,570,570,,58,60,6.0,2.0,6.0,1.0,6.0,1.0,6.0,2.0,6.0,1.0,6.0,2.0,6.0,7.0
571,571,571,571,,69,35,8.0,1.0,8.0,1.0,8.0,1.0,8.0,2.0,8.0,1.0,8.0,1.0,8.0,8.0
572,572,572,572,,83,60,7.0,1.0,7.0,1.0,7.0,2.0,7.0,2.0,7.0,1.0,7.0,3.0,7.0,7.0
573,573,573,573,,35,272,7.0,1.0,7.0,1.0,7.0,1.0,7.0,1.0,7.0,0.0,7.0,2.0,7.0,8.0
574,574,574,574,,25,372,6.0,2.0,6.0,1.0,6.0,3.0,6.0,3.0,6.0,1.0,6.0,4.0,6.0,7.0
575,575,575,575,,5,92,7.0,0.0,7.0,0.0,7.0,0.0,7.0,0.0,7.0,0.0,7.0,0.0,7.0,7.0
576,576,576,576,,64,360,5.0,2.0,5.0,1.0,5.0,1.0,5.0,2.0,5.0,5.0,5.0,1.0,5.0,6.0
577,577,577,577,,20,375,6.0,1.0,6.0,1.0,6.0,1.0,6.0,1.0,6.0,0.0,6.0,1.0,6.0,7.0
578,578,578,578,,52,42,5.0,1.0,5.0,2.0,5.0,1.0,5.0,2.0,5.0,0.0,5.0,1.0,5.0,6.0
579,579,579,579,,11,270,7.0,2.0,7.0,0.0,7.0,1.0,7.0,1.0,7.0,1.0,7.0,1.0,7.0,8.0
580,580,580,580,,9,217,6.0,2.0,6.0,0.0,6.0,1.0,6.0,2.0,6.0,1.0,6.0,1.0,6.0,7.0
581,581,581,581,,46,272,6.0,1.0,6.0,1.0,6.0,1.0,6.0,1.0,6.0,0.0,6.0,1.0,6.0,7.0
582,582,582,582,,1,218,6.0,0.0,6.0,0.0,6.0,0.0,6.0,0.0,6.0,0.0,6.0,0.0,6.0,7.0
583,583,583,583,,53,217,8.0,1.0,8.0,2.0,8.0,3.0,8.0,3.0,8.0,1.0,8.0,2.0,8.0,8.0
584,584,584,584,,30,799,6.0,1.0,6.0,0.0,6.0,1.0,6.0,1.0,6.0,1.0,6.0,1.0,6.0,6.0
585,585,585,585,,81,60,7.0,1.0,7.0,1.0,7.0,2.0,7.0,2.0,7.0,1.0,7.0,3.0,7.0,7.0
586,586,586,586,,34,49,6.0,1.0,6.0,1.0,6.0,1.0,6.0,1.0,6.0,1.0,6.0,1.0,6.0,6.0
587,587,587,587,,44,369,7.0,1.0,7.0,1.0,7.0,2.0,7.0,3.0,7.0,1.0,7.0,9.0,8.0,8.0
588,588,588,588,,16,60,6.0,1.0,6.0,1.0,6.0,1.0,6.0,1.0,6.0,0.0,6.0,1.0,6.0,6.0
589,589,589,589,,7,217,6.0,1.0,6.0,2.0,6.0,3.0,6.0,4.0,6.0,0.0,6.0,3.0,6.0,6.0
590,590,590,590,,34,142,6.0,1.0,6.0,1.0,6.0,1.0,6.0,1.0,6.0,1.0,6.0,1.0,6.0,6.0
591,591,591,591,,6,92,7.0,1.0,7.0,0.0,7.0,1.0,7.0,1.0,7.0,0.0,7.0,1.0,7.0,8.0
592,592,592,592,,48,60,7.0,1.0,7.0,1.0,7.0,2.0,7.0,2.0,7.0,1.0,7.0,2.0,7.0,8.0
593,593,593,593,,19,60,5.0,3.0,5.0,1.0,5.0,1.0,5.0,3.0,5.0,1.0,5.0,1.0,5.0,6.0
594,594,594,594,,47,16,5.0,2.0,5.0,1.0,5.0,1.0,5.0,3.0,5.0,1.0,5.0,1.0,5.0,7.0
595,595,595,595,,22,375,5.0,1.0,5.0,0.0,5.0,1.0,5.0,1.0,5.0,0.0,5.0,1.0,5.0,6.0
596,596,596,596,,9,42,5.0,0.0,5.0,1.0,5.0,1.0,5.0,1.0,5.0,0.0,5.0,0.0,5.0,7.0
597,597,597,597,,18,217,6.0,1.0,6.0,1.0,6.0,1.0,6.0,2.0,6.0,1.0,6.0,1.0,6.0,6.0
598,598,598,598,,3,375,6.0,0.0,6.0,0.0,6.0,0.0,6.0,0.0,6.0,0.0,6.0,0.0,6.0,6.0
599,599,599,599,,3,49,6.0,0.0,6.0,0.0,6.0,0.0,6.0,0.0,6.0,0.0,6.0,0.0,6.0,6.0
600,600,600,600,,16,217,6.0,1.0,6.0,1.0,6.0,1.0,6.0,2.0,6.0,0.0,6.0,1.0,6.0,7.0
601,601,601,601,,20,272,3.0,1.0,3.0,1.0,3.0,1.0,3.0,1.0,3.0,2.0,3.0,2.0,3.0,6.0
602,602,602,602,,22,142,4.0,1.0,4.0,1.0,4.0,1.0,4.0,2.0,4.0,1.0,4.0,1.0,4.0,6.0
603,603,603,603,,28,42,6.0,1.0,6.0,8.0,7.0,1.0,7.0,2.0,7.0,1.0,7.0,1.0,7.0,6.0
604,604,604,604,,31,270,6.0,1.0,6.0,1.0,6.0,1.0,6.0,1.0,6.0,0.0,6.0,1.0,6.0,7.0
605,605,605,605,,0,32,6.0,0.0,6.0,0.0,6.0,0.0,6.0,0.0,6.0,0.0,6.0,0.0,6.0,6.0
606,606,606,606,,44,16,5.0,2.0,5.0,1.0,5.0,1.0,5.0,3.0,5.0,1.0,5.0,1.0,5.0,5.0
607,607,607,607,,22,369,6.0,1.0,6.0,1.0,6.0,1.0,6.0,2.0,6.0,0.0,6.0,1.0,6.0,6.0
608,608,608,608,,10,92,5.0,1.0,5.0,1.0,5.0,1.0,5.0,1.0,5.0,0.0,5.0,1.0,5.0,5.0
609,609,609,609,,26,375,7.0,1.0,7.0,1.0,7.0,1.0,7.0,2.0,7.0,1.0,7.0,1.0,7.0,8.0
610,610,610,610,,30,389,4.0,1.0,4.0,1.0,4.0,1.0,4.0,1.0,4.0,0.0,4.0,2.0,4.0,6.0
611,611,611,611,,47,272,6.0,1.0,6.0,1.0,6.0,1.0,6.0,1.0,6.0,0.0,6.0,1.0,6.0,6.0
612,612,612,612,,41,35,6.0,1.0,6.0,1.0,6.0,1.0,6.0,2.0,6.0,1.0,6.0,1.0,6.0,7.0
613,613,613,613,,38,35,7.0,1.0,7.0,1.0,7.0,1.0,7.0,2.0,7.0,1.0,7.0,1.0,7.0,8.0
614,614,614,614,,9,42,7.0,2.0,7.0,0.0,7.0,1.0,7.0,1.0,7.0,0.0,7.0,1.0,7.0,7.0
615,615,615,615,,11,166,5.0,1.0,5.0,1.0,5.0,1.0,5.0,1.0,5.0,0.0,5.0,1.0,5.0,7.0
616,616,616,616,,2,388,6.0,0.0,6.0,0.0,6.0,0.0,6.0,0.0,6.0,0.0,6.0,0.0,6.0,6.0
617,617,617,617,,2,35,7.0,0.0,7.0,0.0,7.0,0.0,7.0,0.0,7.0,0.0,7.0,0.0,7.0,8.0
618,618,618,618,,11,375,6.0,0.0,6.0,0.0,6.0,0.0,6.0,1.0,6.0,0.0,6.0,0.0,6.0,7.0
619,619,619,619,,53,218,5.0,1.0,5.0,1.0,5.0,1.0,5.0,2.0,5.0,0.0,5.0,1.0,5.0,6.0
620,620,620,620,,8,16,7.0,3.0,7.0,0.0,7.0,1.0,7.0,2.0,7.0,1.0,7.0,1.0,7.0,7.0
621,621,621,621,,27,375,6.0,1.0,6.0,1.0,6.0,1.0,6.0,1.0,6.0,1.0,6.0,1.0,6.0,7.0
622,622,622,622,,19,16,7.0,3.0,7.0,0.0,7.0,1.0,7.0,2.0,7.0,1.0,7.0,1.0,7.0,7.0
623,623,623,623,,7,42,6.0,0.0,6.0,0.0,6.0,0.0,6.0,1.0,6.0,0.0,6.0,0.0,6.0,6.0
624,624,624,624,,7,360,6.0,0.0,6.0,0.0,6.0,1.0,6.0,1.0,6.0,1.0,6.0,1.0,6.0,7.0
625,625,625,625,,52,42,6.0,1.0,6.0,5.0,6.0,1.0,6.0,2.0,6.0,1.0,6.0,1.0,6.0,6.0
626,626,626,626,,7,345,7.0,1.0,7.0,1.0,7.0,1.0,7.0,2.0,7.0,0.0,7.0,1.0,7.0,7.0
627,627,627,627,,16,375,5.0,1.0,5.0,1.0,5.0,2.0,5.0,3.0,5.0,0.0,5.0,3.0,5.0,6.0
628,628,628,628,,81,60,8.0,1.0,8.0,1.0,8.0,2.0,8.0,2.0,8.0,1.0,8.0,3.0,8.0,8.0
629,629,629,629,,15,142,6.0,1.0,6.0,1.0,6.0,1.0,6.0,2.0,6.0,0.0,6.0,2.0,6.0,7.0
630,630,630,630,,44,369,6.0,1.0,6.0,1.0,6.0,2.0,6.0,3.0,6.0,1.0,6.0,9.0,7.0,7.0
631,631,631,631,,26,42,7.0,1.0,7.0,1.0,7.0,1.0,7.0,3.0,7.0,0.0,7.0,1.0,7.0,7.0
632,632,632,632,,65,360,5.0,2.0,5.0,1.0,5.0,1.0,5.0,2.0,5.0,5.0,5.0,1.0,5.0,6.0
633,633,633,633,,95,60,7.0,1.0,7.0,1.0,7.0,2.0,7.0,2.0,7.0,1.0,7.0,2.0,7.0,7.0
634,634,634,634,,71,142,8.0,1.0,8.0,1.0,8.0,1.0,8.0,2.0,8.0,1.0,8.0,1.0,8.0,8.0
635,635,635,635,,58,60,7.0,2.0,7.0,1.0,7.0,1.0,7.0,2.0,7.0,1.0,7.0,2.0,7.0,7.0
636,636,636,636,,13,42,6.0,0.0,6.0,1.0,6.0,1.0,6.0,1.0,6.0,0.0,6.0,1.0,6.0,6.0
637,637,637,637,,2,49,7.0,0.0,7.0,0.0,7.0,0.0,7.0,0.0,7.0,0.0,7.0,0.0,7.0,7.0
638,638,638,638,,22,49,6.0,1.0,6.0,0.0,6.0,1.0,6.0,1.0,6.0,1.0,6.0,1.0,6.0,7.0
639,639,639,639,,16,217,7.0,1.0,7.0,1.0,7.0,1.0,7.0,2.0,7.0,1.0,7.0,1.0,7.0,7.0
640,640,640,640,,106,60,6.0,1.0,6.0,1.0,6.0,1.0,6.0,2.0,6.0,1.0,6.0,2.0,6.0,7.0
641,641,641,641,,79,345,6.0,2.0,6.0,1.0,6.0,2.0,6.0,3.0,6.0,1.0,6.0,2.0,6.0,7.0
642,642,642,642,,0,33,7.0,0.0,7.0,0.0,7.0,0.0,7.0,0.0,7.0,0.0,7.0,0.0,7.0,7.0
643,643,643,643,,19,142,6.0,1.0,6.0,1.0,6.0,1.0,6.0,3.0,6.0,1.0,6.0,1.0,6.0,7.0
644,644,644,644,,28,272,6.0,1.0,6.0,1.0,6.0,1.0,6.0,1.0,6.0,0.0,6.0,2.0,6.0,7.0
645,645,645,645,,71,16,6.0,3.0,6.0,1.0,6.0,1.0,6.0,4.0,6.0,1.0,6.0,1.0,6.0,7.0
646,646,646,646,,8,218,6.0,2.0,6.0,2.0,6.0,1.0,6.0,2.0,6.0,0.0,6.0,1.0,6.0,6.0
647,647,647,647,,25,60,6.0,1.0,6.0,1.0,6.0,2.0,6.0,2.0,6.0,0.0,6.0,2.0,6.0,6.0
648,648,648,648,,22,375,7.0,1.0,7.0,1.0,7.0,1.0,7.0,1.0,7.0,1.0,7.0,1.0,7.0,7.0
649,649,649,649,,2,218,6.0,0.0,6.0,0.0,6.0,0.0,6.0,0.0,6.0,0.0,6.0,0.0,6.0,6.0
650,650,650,650,,7,372,7.0,0.0,7.0,0.0,7.0,0.0,7.0,0.0,7.0,0.0,7.0,0.0,7.0,7.0
651,651,651,651,,2,78,6.0,0.0,6.0,0.0,6.0,0.0,6.0,0.0,6.0,0.0,6.0,0.0,6.0,6.0
652,652,652,652,,6,345,7.0,1.0,7.0,1.0,7.0,2.0,7.0,2.0,7.0,0.0,7.0,1.0,7.0,7.0
653,653,653,653,,65,345,6.0,1.0,6.0,1.0,6.0,2.0,6.0,3.0,6.0,1.0,6.0,2.0,6.0,7.0
654,654,654,654,,72,217,6.0,1.0,6.0,1.0,6.0,2.0,6.0,3.0,6.0,1.0,6.0,2.0,6.0,6.0
655,655,655,655,,17,34,6.0,0.0,6.0,2.0,6.0,1.0,6.0,1.0,6.0,0.0,6.0,1.0,6.0,7.0
656,656,656,656,,7,360,6.0,0.0,6.0,0.0,6.0,0.0,6.0,0.0,6.0,1.0,6.0,0.0,6.0,6.0
657,657,657,657,,18,388,6.0,0.0,6.0,0.0,6.0,1.0,6.0,1.0,6.0,0.0,6.0,1.0,6.0,7.0
658,658,658,658,,31,217,6.0,1.0,6.0,1.0,6.0,1.0,6.0,2.0,6.0,0.0,6.0,1.0,6.0,7.0
659,659,659,659,,51,369,7.0,1.0,7.0,1.0,7.0,2.0,7.0,3.0,7.0,1.0,7.0,8.0,7.0,7.0
660,660,660,660,,55,217,6.0,1.0,6.0,2.0,6.0,3.0,6.0,3.0,6.0,1.0,6.0,2.0,6.0,7.0
661,661,661,661,,46,270,6.0,1.0,6.0,1.0,6.0,2.0,6.0,2.0,6.0,1.0,6.0,2.0,6.0,6.0
662,662,662,662,,31,42,8.0,1.0,8.0,2.0,8.0,1.0,8.0,1.0,8.0,1.0,8.0,1.0,8.0,8.0
663,663,663,663,,82,345,7.0,2.0,7.0,1.0,7.0,2.0,7.0,3.0,7.0,1.0,7.0,2.0,7.0,7.0
664,664,664,664,,25,272,5.0,1.0,5.0,0.0,5.0,1.0,5.0,1.0,5.0,0.0,5.0,1.0,5.0,7.0
665,665,665,665,,18,49,5.0,1.0,5.0,0.0,5.0,0.0,5.0,1.0,5.0,0.0,5.0,0.0,5.0,6.0
666,666,666,666,,20,217,5.0,1.0,5.0,1.0,5.0,1.0,5.0,2.0,5.0,0.0,5.0,1.0,5.0,5.0
667,667,667,667,,17,375,7.0,1.0,7.0,0.0,7.0,1.0,7.0,1.0,7.0,0.0,7.0,1.0,7.0,7.0
668,668,668,668,,85,345,5.0,1.0,5.0,2.0,5.0,2.0,5.0,3.0,5.0,1.0,5.0,2.0,5.0,6.0
669,669,669,669,,66,35,6.0,1.0,6.0,1.0,6.0,1.0,6.0,2.0,6.0,1.0,6.0,1.0,6.0,7.0
670,670,670,670,,13,360,5.0,1.0,5.0,0.0,5.0,1.0,5.0,1.0,5.0,2.0,5.0,1.0,5.0,6.0
671,671,671,671,,34,375,7.0,1.0,7.0,1.0,7.0,1.0,7.0,3.0,7.0,1.0,7.0,1.0,7.0,7.0
672,672,672,672,,26,217,7.0,1.0,7.0,1.0,7.0,1.0,7.0,2.0,7.0,0.0,7.0,1.0,7.0,7.0
673,673,673,673,,59,218,6.0,1.0,6.0,1.0,6.0,1.0,6.0,2.0,6.0,1.0,6.0,1.0,6.0,6.0
674,674,674,674,,4,42,6.0,1.0,6.0,0.0,6.0,0.0,6.0,1.0,6.0,0.0,6.0,0.0,6.0,6.0
675,675,675,675,,81,60,8.0,1.0,8.0,1.0,8.0,2.0,8.0,2.0,8.0,1.0,8.0,3.0,8.0,8.0
676,676,676,676,,70,360,7.0,2.0,7.0,1.0,7.0,1.0,7.0,2.0,7.0,4.0,7.0,2.0,7.0,7.0
677,677,677,677,,53,60,6.0,1.0,6.0,1.0,6.0,1.0,6.0,2.0,6.0,1.0,6.0,2.0,6.0,7.0
678,678,678,678,,1,204,6.0,0.0,6.0,0.0,6.0,0.0,6.0,0.0,6.0,0.0,6.0,0.0,6.0,7.0
679,679,679,679,,2,393,5.0,0.0,5.0,0.0,5.0,0.0,5.0,0.0,5.0,0.0,5.0,0.0,5.0,6.0
680,680,680,680,,5,34,6.0,1.0,6.0,0.0,6.0,0.0,6.0,3.0,6.0,0.0,6.0,0.0,6.0,7.0
681,681,681,681,,9,270,7.0,0.0,7.0,0.0,7.0,0.0,7.0,0.0,7.0,0.0,7.0,0.0,7.0,7.0
682,682,682,682,,26,42,4.0,1.0,4.0,1.0,4.0,1.0,4.0,2.0,4.0,2.0,4.0,1.0,4.0,5.0
683,683,683,683,,11,142,6.0,2.0,6.0,1.0,6.0,1.0,6.0,2.0,6.0,1.0,6.0,1.0,6.0,7.0
684,684,684,684,,87,35,8.0,1.0,8.0,1.0,8.0,1.0,8.0,2.0,8.0,1.0,8.0,1.0,8.0,8.0
685,685,685,685,,20,217,6.0,1.0,6.0,1.0,6.0,1.0,6.0,2.0,6.0,1.0,6.0,1.0,6.0,7.0
686,686,686,686,,15,42,6.0,1.0,6.0,1.0,6.0,1.0,6.0,1.0,6.0,0.0,6.0,1.0,6.0,6.0
687,687,687,687,,54,16,7.0,2.0,7.0,1.0,7.0,1.0,7.0,3.0,7.0,1.0,7.0,2.0,7.0,8.0
688,688,688,688,,16,92,6.0,1.0,6.0,1.0,6.0,1.0,6.0,1.0,6.0,1.0,6.0,1.0,6.0,6.0
689,689,689,689,,35,42,7.0,1.0,7.0,3.0,7.0,1.0,7.0,2.0,7.0,1.0,7.0,1.0,7.0,7.0
690,690,690,690,,29,92,8.0,1.0,8.0,1.0,8.0,1.0,8.0,2.0,8.0,1.0,8.0,1.0,8.0,8.0
691,691,691,691,,13,166,6.0,1.0,6.0,2.0,6.0,1.0,6.0,1.0,6.0,1.0,6.0,1.0,6.0,7.0
692,692,692,692,,40,270,6.0,1.0,6.0,1.0,6.0,1.0,6.0,2.0,6.0,1.0,6.0,1.0,6.0,6.0
693,693,693,693,,10,35,8.0,1.0,8.0,1.0,8.0,1.0,8.0,1.0,8.0,0.0,8.0,1.0,8.0,8.0
694,694,694,694,,59,16,7.0,2.0,7.0,1.0,7.0,1.0,7.0,7.0,7.0,1.0,7.0,2.0,7.0,8.0
695,695,695,695,,13,272,7.0,1.0,7.0,0.0,7.0,1.0,7.0,1.0,7.0,5.0,7.0,1.0,7.0,7.0
696,696,696,696,,11,389,6.0,2.0,6.0,1.0,6.0,1.0,6.0,3.0,6.0,0.0,6.0,1.0,6.0,6.0
697,697,697,697,,4,799,8.0,0.0,8.0,0.0,8.0,0.0,8.0,0.0,8.0,0.0,8.0,0.0,8.0,8.0
698,698,698,698,,64,16,7.0,3.0,7.0,1.0,7.0,1.0,7.0,4.0,7.0,1.0,7.0,1.0,7.0,8.0
699,699,699,699,,35,42,6.0,1.0,6.0,1.0,6.0,1.0,6.0,2.0,6.0,1.0,6.0,1.0,6.0,6.0
700,700,700,700,,16,375,7.0,1.0,7.0,1.0,7.0,1.0,7.0,2.0,7.0,1.0,7.0,1.0,7.0,8.0
701,701,701,701,,41,270,5.0,1.0,5.0,1.0,5.0,1.0,5.0,2.0,5.0,1.0,5.0,1.0,5.0,5.0
702,702,702,702,,21,375,7.0,1.0,7.0,1.0,7.0,1.0,7.0,2.0,7.0,0.0,7.0,1.0,7.0,8.0
703,703,703,703,,47,16,6.0,2.0,6.0,1.0,6.0,1.0,6.0,8.0,7.0,1.0,7.0,2.0,7.0,6.0
704,704,704,704,,80,16,6.0,3.0,6.0,1.0,6.0,1.0,6.0,6.0,6.0,1.0,6.0,1.0,6.0,7.0
705,705,705,705,,2,42,5.0,0.0,5.0,0.0,5.0,0.0,5.0,0.0,5.0,0.0,5.0,0.0,5.0,6.0
706,706,706,706,,72,16,6.0,3.0,6.0,1.0,6.0,1.0,6.0,4.0,6.0,1.0,6.0,1.0,6.0,7.0
707,707,707,707,,3,375,6.0,0.0,6.0,0.0,6.0,0.0,6.0,0.0,6.0,0.0,6.0,0.0,6.0,6.0
708,708,708,708,,2,42,6.0,0.0,6.0,0.0,6.0,0.0,6.0,0.0,6.0,0.0,6.0,0.0,6.0,7.0
709,709,709,709,,19,375,6.0,1.0,6.0,1.0,6.0,2.0,6.0,2.0,6.0,1.0,6.0,1.0,6.0,6.0
710,710,710,710,,61,217,7.0,1.0,7.0,2.0,7.0,3.0,7.0,4.0,7.0,1.0,7.0,2.0,7.0,7.0
711,711,711,711,,55,345,7.0,1.0,7.0,1.0,7.0,2.0,7.0,3.0,7.0,1.0,7.0,2.0,7.0,8.0
712,712,712,712,,27,60,7.0,1.0,7.0,1.0,7.0,1.0,7.0,2.0,7.0,0.0,7.0,2.0,7.0,7.0
713,713,713,713,,31,92,7.0,1.0,7.0,1.0,7.0,1.0,7.0,2.0,7.0,1.0,7.0,1.0,7.0,7.0
714,714,714,714,,81,360,7.0,2.0,7.0,1.0,7.0,1.0,7.0,2.0,7.0,4.0,7.0,2.0,7.0,7.0
715,715,715,715,,48,270,5.0,1.0,5.0,1.0,5.0,1.0,5.0,2.0,5.0,1.0,5.0,2.0,5.0,7.0
716,716,716,716,,11,389,6.0,1.0,6.0,1.0,6.0,1.0,6.0,1.0,6.0,0.0,6.0,1.0,6.0,6.0
717,717,717,717,,2,92,6.0,0.0,6.0,0.0,6.0,0.0,6.0,1.0,6.0,0.0,6.0,0.0,6.0,7.0
718,718,718,718,,85,16,6.0,2.0,6.0,1.0,6.0,1.0,6.0,2.0,6.0,1.0,6.0,2.0,6.0,7.0
719,719,719,719,,2,553,7.0,0.0,7.0,0.0,7.0,0.0,7.0,0.0,7.0,0.0,7.0,0.0,7.0,7.0
720,720,720,720,,39,49,6.0,1.0,6.0,1.0,6.0,1.0,6.0,2.0,6.0,1.0,6.0,1.0,6.0,6.0
721,721,721,721,,45,16,4.0,2.0,4.0,1.0,4.0,1.0,4.0,3.0,4.0,1.0,4.0,1.0,4.0,5.0
722,722,722,722,,2,60,7.0,0.0,7.0,0.0,7.0,0.0,7.0,1.0,7.0,0.0,7.0,1.0,7.0,7.0
723,723,723,723,,76,360,5.0,2.0,5.0,1.0,5.0,1.0,5.0,2.0,5.0,4.0,5.0,1.0,5.0,5.0
724,724,724,724,,43,16,7.0,3.0,7.0,1.0,7.0,1.0,7.0,4.0,7.0,1.0,7.0,1.0,7.0,8.0
725,725,725,725,,29,92,5.0,2.0,5.0,1.0,5.0,1.0,5.0,2.0,5.0,1.0,5.0,1.0,5.0,5.0
726,726,726,726,,25,217,6.0,1.0,6.0,1.0,6.0,1.0,6.0,2.0,6.0,1.0,6.0,1.0,6.0,6.0
727,727,727,727,,24,42,6.0,1.0,6.0,1.0,6.0,1.0,6.0,2.0,6.0,0.0,6.0,1.0,6.0,6.0
728,728,728,728,,45,153,7.0,1.0,7.0,1.0,7.0,1.0,7.0,2.0,7.0,1.0,7.0,1.0,7.0,7.0
729,729,729,729,,52,217,6.0,1.0,6.0,2.0,6.0,3.0,6.0,3.0,6.0,1.0,6.0,2.0,6.0,6.0
730,730,730,730,,2,217,7.0,0.0,7.0,0.0,7.0,0.0,7.0,1.0,7.0,0.0,7.0,0.0,7.0,7.0
731,731,731,731,,36,375,6.0,1.0,6.0,1.0,6.0,1.0,6.0,2.0,6.0,1.0,6.0,1.0,6.0,7.0
732,732,732,732,,53,16,6.0,3.0,6.0,1.0,6.0,1.0,6.0,7.0,7.0,1.0,7.0,2.0,7.0,7.0
733,733,733,733,,1,38,6.0,0.0,6.0,0.0,6.0,0.0,6.0,0.0,6.0,0.0,6.0,0.0,6.0,6.0
734,734,734,734,,24,217,6.0,1.0,6.0,1.0,6.0,2.0,6.0,3.0,6.0,1.0,6.0,1.0,6.0,7.0
735,735,735,735,,91,345,5.0,1.0,5.0,1.0,5.0,2.0,5.0,2.0,5.0,1.0,5.0,2.0,5.0,6.0
736,736,736,736,,16,34,6.0,0.0,6.0,2.0,6.0,1.0,6.0,1.0,6.0,0.0,6.0,0.0,6.0,7.0
737,737,737,737,,19,92,6.0,1.0,6.0,1.0,6.0,2.0,6.0,3.0,6.0,1.0,6.0,2.0,6.0,7.0
738,738,738,738,,21,35,6.0,1.0,6.0,1.0,6.0,2.0,6.0,2.0,6.0,1.0,6.0,2.0,6.0,7.0
739,739,739,739,,0,36,6.0,0.0,6.0,0.0,6.0,0.0,6.0,0.0,6.0,0.0,6.0,0.0,6.0,7.0
740,740,740,740,,4,153,6.0,0.0,6.0,0.0,6.0,0.0,6.0,0.0,6.0,0.0,6.0,0.0,6.0,6.0
741,741,741,741,,17,166,7.0,2.0,7.0,1.0,7.0,1.0,7.0,2.0,7.0,1.0,7.0,1.0,7.0,8.0
742,742,742,742,,1,16,7.0,0.0,7.0,0.0,7.0,0.0,7.0,0.0,7.0,0.0,7.0,0.0,7.0,7.0
743,743,743,743,,95,369,6.0,1.0,6.0,1.0,6.0,2.0,6.0,3.0,6.0,1.0,6.0,5.0,6.0,7.0
744,744,744,744,,34,218,8.0,2.0,8.0,1.0,8.0,1.0,8.0,3.0,8.0,1.0,8.0,1.0,8.0,8.0
745,745,745,745,,49,142,5.0,1.0,5.0,1.0,5.0,1.0,5.0,3.0,5.0,1.0,5.0,2.0,5.0,7.0
746,746,746,746,,27,369,6.0,1.0,6.0,1.0,6.0,1.0,6.0,2.0,6.0,1.0,6.0,1.0,6.0,7.0
747,747,747,747,,15,60,6.0,1.0,6.0,1.0,6.0,1.0,6.0,2.0,6.0,0.0,6.0,1.0,6.0,6.0
748,748,748,748,,8,49,5.0,1.0,5.0,0.0,5.0,1.0,5.0,1.0,5.0,0.0,5.0,1.0,5.0,5.0
749,749,749,749,,35,142,7.0,1.0,7.0,1.0,7.0,1.0,7.0,2.0,7.0,1.0,7.0,1.0,7.0,7.0
750,750,750,750,,34,375,7.0,2.0,7.0,1.0,7.0,1.0,7.0,3.0,7.0,1.0,7.0,1.0,7.0,8.0
751,751,751,751,,63,360,6.0,2.0,6.0,1.0,6.0,1.0,6.0,2.0,6.0,5.0,6.0,1.0,6.0,6.0
752,752,752,752,,3,166,5.0,0.0,5.0,0.0,5.0,0.0,5.0,0.0,5.0,0.0,5.0,0.0,5.0,5.0
753,753,753,753,,58,345,6.0,1.0,6.0,1.0,6.0,2.0,6.0,3.0,6.0,1.0,6.0,2.0,6.0,7.0
754,754,754,754,,0,37,6.0,0.0,6.0,0.0,6.0,0.0,6.0,0.0,6.0,0.0,6.0,0.0,6.0,6.0
755,755,755,755,,46,272,6.0,1.0,6.0,1.0,6.0,1.0,6.0,1.0,6.0,0.0,6.0,1.0,6.0,6.0
756,756,756,756,,33,375,6.0,1.0,6.0,1.0,6.0,1.0,6.0,2.0,6.0,1.0,6.0,1.0,6.0,6.0
757,757,757,757,,46,153,7.0,1.0,7.0,1.0,7.0,1.0,7.0,2.0,7.0,1.0,7.0,1.0,7.0,7.0
758,758,758,758,,1,360,6.0,0.0,6.0,0.0,6.0,0.0,6.0,0.0,6.0,3.0,6.0,0.0,6.0,6.0
759,759,759,759,,54,270,6.0,1.0,6.0,1.0,6.0,1.0,6.0,2.0,6.0,1.0,6.0,1.0,6.0,6.0
760,760,760,760,,70,142,6.0,1.0,6.0,1.0,6.0,1.0,6.0,2.0,6.0,1.0,6.0,2.0,6.0,6.0
761,761,761,761,,1,38,6.0,0.0,6.0,0.0,6.0,0.0,6.0,0.0,6.0,0.0,6.0,0.0,6.0,7.0
762,762,762,762,,28,387,6.0,0.0,6.0,0.0,6.0,0.0,6.0,1.0,6.0,0.0,6.0,0.0,6.0,7.0
763,763,763,763,,18,375,7.0,1.0,7.0,1.0,7.0,3.0,7.0,3.0,7.0,1.0,7.0,2.0,7.0,7.0
764,764,764,764,,16,375,6.0,1.0,6.0,0.0,6.0,1.0,6.0,1.0,6.0,0.0,6.0,1.0,6.0,7.0
765,765,765,765,,5,92,7.0,0.0,7.0,0.0,7.0,0.0,7.0,0.0,7.0,0.0,7.0,0.0,7.0,8.0
766,766,766,766,,58,345,5.0,1.0,5.0,1.0,5.0,2.0,5.0,3.0,5.0,1.0,5.0,2.0,5.0,5.0
767,767,767,767,,52,153,5.0,1.0,5.0,1.0,5.0,1.0,5.0,2.0,5.0,1.0,5.0,1.0,5.0,6.0
768,768,768,768,,38,42,5.0,1.0,5.0,6.0,6.0,1.0,6.0,2.0,6.0,1.0,6.0,1.0,6.0,7.0
769,769,769,769,,34,16,7.0,3.0,7.0,1.0,7.0,1.0,7.0,4.0,7.0,1.0,7.0,1.0,7.0,7.0
770,770,770,770,,30,272,7.0,1.0,7.0,0.0,7.0,1.0,7.0,1.0,7.0,0.0,7.0,1.0,7.0,7.0
771,771,771,771,,47,270,6.0,1.0,6.0,1.0,6.0,1.0,6.0,2.0,6.0,1.0,6.0,1.0,6.0,6.0
772,772,772,772,,42,389,6.0,1.0,6.0,1.0,6.0,1.0,6.0,2.0,6.0,0.0,6.0,1.0,6.0,6.0
773,773,773,773,,31,16,6.0,2.0,6.0,1.0,6.0,1.0,6.0,2.0,6.0,1.0,6.0,1.0,6.0,7.0
774,774,774,774,,47,272,7.0,1.0,7.0,1.0,7.0,1.0,7.0,1.0,7.0,0.0,7.0,1.0,7.0,8.0
775,775,775,775,,5,388,5.0,0.0,5.0,2.0,5.0,0.0,5.0,1.0,5.0,0.0,5.0,1.0,5.0,5.0
776,776,776,776,,74,16,6.0,3.0,6.0,1.0,6.0,1.0,6.0,3.0,6.0,1.0,6.0,1.0,6.0,6.0
777,777,777,777,,0,39,6.0,0.0,6.0,0.0,6.0,0.0,6.0,0.0,6.0,0.0,6.0,0.0,6.0,7.0
778,778,778,778,,68,270,5.0,1.0,5.0,1.0,5.0,1.0,5.0,2.0,5.0,1.0,5.0,1.0,5.0,5.0
779,779,779,779,,8,153,5.0,0.0,5.0,0.0,5.0,0.0,5.0,0.0,5.0,0.0,5.0,0.0,5.0,6.0
780,780,780,780,,32,270,6.0,1.0,6.0,1.0,6.0,1.0,6.0,2.0,6.0,1.0,6.0,1.0,6.0,6.0
781,781,781,781,,3,369,6.0,0.0,6.0,0.0,6.0,0.0,6.0,0.0,6.0,0.0,6.0,0.0,6.0,7.0
782,782,782,782,,50,42,5.0,1.0,5.0,1.0,5.0,1.0,5.0,2.0,5.0,1.0,5.0,1.0,5.0,6.0
783,783,783,783,,21,217,5.0,1.0,5.0,2.0,5.0,2.0,5.0,2.0,5.0,1.0,5.0,2.0,5.0,6.0
784,784,784,784,,4,195,4.0,0.0,4.0,0.0,4.0,0.0,4.0,0.0,4.0,0.0,4.0,0.0,4.0,6.0
785,785,785,785,,54,60,7.0,1.0,7.0,1.0,7.0,1.0,7.0,2.0,7.0,1.0,7.0,2.0,7.0,7.0
786,786,786,786,,0,40,6.0,0.0,6.0,0.0,6.0,0.0,6.0,0.0,6.0,0.0,6.0,0.0,6.0,7.0
787,787,787,787,,63,35,7.0,1.0,7.0,1.0,7.0,1.0,7.0,2.0,7.0,1.0,7.0,1.0,7.0,8.0
788,788,788,788,,1,217,7.0,0.0,7.0,0.0,7.0,0.0,7.0,0.0,7.0,0.0,7.0,0.0,7.0,8.0
789,789,789,789,,41,369,5.0,1.0,5.0,1.0,5.0,2.0,5.0,3.0,5.0,1.0,5.0,9.0,7.0,6.0
790,790,790,790,,67,142,7.0,1.0,7.0,1.0,7.0,1.0,7.0,3.0,7.0,1.0,7.0,1.0,7.0,8.0
791,791,791,791,,115,217,6.0,1.0,6.0,1.0,6.0,2.0,6.0,3.0,6.0,1.0,6.0,2.0,6.0,7.0
792,792,792,792,,24,218,7.0,0.0,7.0,1.0,7.0,1.0,7.0,1.0,7.0,0.0,7.0,1.0,7.0,7.0
793,793,793,793,,27,42,4.0,1.0,4.0,1.0,4.0,1.0,4.0,2.0,4.0,0.0,4.0,1.0,4.0,5.0
794,794,794,794,,45,272,6.0,1.0,6.0,1.0,6.0,1.0,6.0,1.0,6.0,0.0,6.0,1.0,6.0,7.0
795,795,795,795,,31,92,6.0,1.0,6.0,1.0,6.0,1.0,6.0,2.0,6.0,1.0,6.0,1.0,6.0,6.0
796,796,796,796,,15,166,5.0,1.0,5.0,1.0,5.0,1.0,5.0,1.0,5.0,1.0,5.0,1.0,5.0,5.0
797,797,797,797,,40,217,5.0,1.0,5.0,1.0,5.0,2.0,5.0,3.0,5.0,1.0,5.0,1.0,5.0,5.0
798,798,798,798,,87,345,6.0,1.0,6.0,2.0,6.0,1.0,6.0,3.0,6.0,1.0,6.0,2.0,6.0,6.0
799,799,799,799,,20,388,6.0,1.0,6.0,1.0,6.0,1.0,6.0,1.0,6.0,0.0,6.0,1.0,6.0,7.0
800,800,800,800,,0,41,6.0,0.0,6.0,0.0,6.0,0.0,6.0,0.0,6.0,0.0,6.0,0.0,6.0,6.0
801,801,801,801,,85,360,7.0,2.0,7.0,1.0,7.0,1.0,7.0,2.0,7.0,3.0,7.0,2.0,7.0,7.0
802,802,802,802,,15,166,6.0,1.0,6.0,1.0,6.0,1.0,6.0,1.0,6.0,1.0,6.0,1.0,6.0,6.0
803,803,803,803,,26,270,6.0,1.0,6.0,1.0,6.0,1.0,6.0,1.0,6.0,0.0,6.0,1.0,6.0,7.0
804,804,804,804,,52,218,6.0,1.0,6.0,1.0,6.0,1.0,6.0,4.0,6.0,1.0,6.0,1.0,6.0,7.0
805,805,805,805,,42,217,5.0,1.0,5.0,2.0,5.0,2.0,5.0,3.0,5.0,1.0,5.0,3.0,5.0,6.0
806,806,806,806,,8,375,6.0,0.0,6.0,0.0,6.0,0.0,6.0,1.0,6.0,0.0,6.0,1.0,6.0,6.0
807,807,807,807,,15,375,6.0,0.0,6.0,0.0,6.0,0.0,6.0,1.0,6.0,0.0,6.0,0.0,6.0,7.0
808,808,808,808,,32,142,6.0,1.0,6.0,1.0,6.0,1.0,6.0,1.0,6.0,1.0,6.0,1.0,6.0,7.0
809,809,809,809,,41,369,8.0,1.0,8.0,1.0,8.0,2.0,8.0,3.0,8.0,1.0,8.0,9.0,9.0,8.0
810,810,810,810,,37,42,6.0,1.0,6.0,2.0,6.0,1.0,6.0,1.0,6.0,0.0,6.0,1.0,6.0,6.0
811,811,811,811,,15,92,7.0,1.0,7.0,1.0,7.0,1.0,7.0,1.0,7.0,1.0,7.0,1.0,7.0,7.0
812,812,812,812,,9,92,7.0,1.0,7.0,0.0,7.0,0.0,7.0,1.0,7.0,1.0,7.0,0.0,7.0,7.0
813,813,813,813,,61,60,7.0,1.0,7.0,1.0,7.0,2.0,7.0,2.0,7.0,1.0,7.0,2.0,7.0,8.0
814,814,814,814,,13,270,5.0,1.0,5.0,1.0,5.0,1.0,5.0,2.0,5.0,1.0,5.0,1.0,5.0,6.0
815,815,815,815,,18,49,6.0,1.0,6.0,0.0,6.0,0.0,6.0,1.0,6.0,0.0,6.0,0.0,6.0,7.0
816,816,816,816,,11,270,5.0,0.0,5.0,0.0,5.0,0.0,5.0,1.0,5.0,0.0,5.0,0.0,5.0,7.0
817,817,817,817,,64,345,6.0,1.0,6.0,1.0,6.0,1.0,6.0,2.0,6.0,1.0,6.0,2.0,6.0,6.0
818,818,818,818,,27,92,8.0,1.0,8.0,1.0,8.0,2.0,8.0,4.0,8.0,1.0,8.0,2.0,8.0,8.0
819,819,819,819,,69,345,6.0,1.0,6.0,2.0,6.0,2.0,6.0,3.0,6.0,1.0,6.0,2.0,6.0,6.0
820,820,820,820,,101,60,6.0,1.0,6.0,1.0,6.0,2.0,6.0,2.0,6.0,1.0,6.0,2.0,6.0,6.0
821,821,821,821,,61,16,7.0,2.0,7.0,1.0,7.0,1.0,7.0,3.0,7.0,1.0,7.0,1.0,7.0,7.0
822,822,822,822,,44,369,6.0,1.0,6.0,1.0,6.0,2.0,6.0,3.0,6.0,1.0,6.0,9.0,7.0,6.0
823,823,823,823,,75,16,7.0,3.0,7.0,1.0,7.0,1.0,7.0,3.0,7.0,1.0,7.0,1.0,7.0,8.0
824,824,824,824,,7,166,8.0,0.0,8.0,0.0,8.0,0.0,8.0,0.0,8.0,0.0,8.0,0.0,8.0,8.0
825,825,825,825,,55,60,6.0,1.0,6.0,1.0,6.0,1.0,6.0,2.0,6.0,1.0,6.0,2.0,6.0,6.0
826,826,826,826,,7,42,6.0,1.0,6.0,2.0,6.0,0.0,6.0,1.0,6.0,0.0,6.0,1.0,6.0,6.0
827,827,827,827,,10,360,6.0,1.0,6.0,1.0,6.0,1.0,6.0,1.0,6.0,1.0,6.0,1.0,6.0,7.0
828,828,828,828,,76,35,8.0,1.0,8.0,1.0,8.0,1.0,8.0,2.0,8.0,1.0,8.0,1.0,8.0,8.0
829,829,829,829,,37,42,6.0,1.0,6.0,1.0,6.0,1.0,6.0,2.0,6.0,0.0,6.0,1.0,6.0,6.0
830,830,830,830,,80,35,8.0,1.0,8.0,1.0,8.0,1.0,8.0,2.0,8.0,1.0,8.0,1.0,8.0,8.0
831,831,831,831,,4,16,6.0,1.0,6.0,0.0,6.0,0.0,6.0,1.0,6.0,0.0,6.0,0.0,6.0,7.0
832,832,832,832,,41,369,6.0,1.0,6.0,1.0,6.0,2.0,6.0,3.0,6.0,1.0,6.0,9.0,8.0,7.0
833,833,833,833,,26,270,6.0,1.0,6.0,1.0,6.0,1.0,6.0,1.0,6.0,0.0,6.0,1.0,6.0,7.0
834,834,834,834,,48,272,6.0,1.0,6.0,1.0,6.0,1.0,6.0,1.0,6.0,0.0,6.0,1.0,6.0,7.0
835,835,835,835,,1,316,6.0,0.0,6.0,0.0,6.0,0.0,6.0,0.0,6.0,0.0,6.0,0.0,6.0,6.0
836,836,836,836,,52,217,6.0,1.0,6.0,1.0,6.0,2.0,6.0,3.0,6.0,1.0,6.0,2.0,6.0,7.0
837,837,837,837,,0,43,6.0,0.0,6.0,0.0,6.0,0.0,6.0,0.0,6.0,0.0,6.0,0.0,6.0,6.0
838,838,838,838,,21,372,6.0,2.0,6.0,1.0,6.0,1.0,6.0,1.0,6.0,1.0,6.0,2.0,6.0,6.0
839,839,839,839,,1,272,6.0,0.0,6.0,0.0,6.0,0.0,6.0,0.0,6.0,0.0,6.0,0.0,6.0,6.0
840,840,840,840,,9,372,7.0,1.0,7.0,0.0,7.0,1.0,7.0,1.0,7.0,0.0,7.0,2.0,7.0,8.0
841,841,841,841,,49,272,6.0,1.0,6.0,1.0,6.0,1.0,6.0,1.0,6.0,0.0,6.0,2.0,6.0,7.0
842,842,842,842,,0,44,7.0,0.0,7.0,0.0,7.0,0.0,7.0,0.0,7.0,0.0,7.0,0.0,7.0,7.0
843,843,843,843,,55,345,5.0,1.0,5.0,1.0,5.0,2.0,5.0,3.0,5.0,1.0,5.0,2.0,5.0,6.0
844,844,844,844,,35,217,6.0,1.0,6.0,1.0,6.0,3.0,6.0,3.0,6.0,1.0,6.0,2.0,6.0,6.0
845,845,845,845,,12,218,6.0,2.0,6.0,1.0,6.0,1.0,6.0,2.0,6.0,1.0,6.0,1.0,6.0,6.0
846,846,846,846,,30,218,5.0,1.0,5.0,1.0,5.0,1.0,5.0,2.0,5.0,0.0,5.0,1.0,5.0,5.0
847,847,847,847,,0,45,5.0,0.0,5.0,0.0,5.0,0.0,5.0,0.0,5.0,0.0,5.0,0.0,5.0,6.0
848,848,848,848,,1,16,6.0,0.0,6.0,0.0,6.0,0.0,6.0,3.0,6.0,0.0,6.0,0.0,6.0,7.0
849,849,849,849,,29,142,7.0,1.0,7.0,1.0,7.0,1.0,7.0,3.0,7.0,1.0,7.0,1.0,7.0,7.0
850,850,850,850,,50,272,5.0,1.0,5.0,1.0,5.0,1.0,5.0,1.0,5.0,1.0,5.0,1.0,5.0,7.0
851,851,851,851,,78,16,6.0,3.0,6.0,1.0,6.0,1.0,6.0,3.0,6.0,1.0,6.0,1.0,6.0,6.0
852,852,852,852,,5,372,7.0,3.0,7.0,0.0,7.0,1.0,7.0,1.0,7.0,1.0,7.0,1.0,7.0,7.0
853,853,853,853,,18,270,7.0,1.0,7.0,1.0,7.0,1.0,7.0,2.0,7.0,0.0,7.0,1.0,7.0,7.0
854,854,854,854,,37,142,5.0,1.0,5.0,1.0,5.0,1.0,5.0,1.0,5.0,1.0,5.0,1.0,5.0,7.0
855,855,855,855,,38,270,6.0,1.0,6.0,1.0,6.0,1.0,6.0,1.0,6.0,1.0,6.0,1.0,6.0,6.0
856,856,856,856,,9,218,5.0,0.0,5.0,0.0,5.0,1.0,5.0,1.0,5.0,0.0,5.0,1.0,5.0,7.0
857,857,857,857,,16,166,6.0,1.0,6.0,1.0,6.0,1.0,6.0,2.0,6.0,0.0,6.0,1.0,6.0,6.0
858,858,858,858,,7,218,6.0,0.0,6.0,1.0,6.0,1.0,6.0,1.0,6.0,0.0,6.0,1.0,6.0,6.0
859,859,859,859,,87,16,4.0,3.0,4.0,1.0,4.0,1.0,4.0,4.0,4.0,1.0,4.0,1.0,4.0,6.0
860,860,860,860,,51,345,7.0,1.0,7.0,1.0,7.0,2.0,7.0,3.0,7.0,1.0,7.0,2.0,7.0,7.0
861,861,861,861,,9,153,7.0,0.0,7.0,0.0,7.0,0.0,7.0,0.0,7.0,0.0,7.0,0.0,7.0,7.0
862,862,862,862,,6,372,7.0,0.0,7.0,0.0,7.0,0.0,7.0,0.0,7.0,0.0,7.0,0.0,7.0,7.0
863,863,863,863,,47,16,5.0,2.0,5.0,1.0,5.0,1.0,5.0,8.0,7.0,1.0,7.0,2.0,7.0,7.0
864,864,864,864,,113,217,6.0,1.0,6.0,1.0,6.0,2.0,6.0,3.0,6.0,1.0,6.0,2.0,6.0,6.0
865,865,865,865,,3,166,8.0,0.0,8.0,0.0,8.0,0.0,8.0,0.0,8.0,0.0,8.0,0.0,8.0,8.0
866,866,866,866,,21,388,5.0,0.0,5.0,1.0,5.0,1.0,5.0,1.0,5.0,0.0,5.0,1.0,5.0,7.0
867,867,867,867,,18,387,7.0,0.0,7.0,0.0,7.0,0.0,7.0,0.0,7.0,0.0,7.0,0.0,7.0,7.0
868,868,868,868,,5,92,6.0,0.0,6.0,0.0,6.0,0.0,6.0,0.0,6.0,0.0,6.0,0.0,6.0,6.0
869,869,869,869,,24,217,5.0,1.0,5.0,1.0,5.0,1.0,5.0,2.0,5.0,1.0,5.0,2.0,5.0,6.0
870,870,870,870,,5,387,7.0,0.0,7.0,0.0,7.0,0.0,7.0,0.0,7.0,0.0,7.0,0.0,7.0,7.0
871,871,871,871,,52,16,4.0,2.0,4.0,1.0,4.0,1.0,4.0,7.0,5.0,1.0,5.0,2.0,5.0,5.0
872,872,872,872,,50,60,6.0,1.0,6.0,1.0,6.0,1.0,6.0,2.0,6.0,1.0,6.0,2.0,6.0,6.0
873,873,873,873,,20,375,6.0,1.0,6.0,0.0,6.0,1.0,6.0,1.0,6.0,0.0,6.0,1.0,6.0,7.0
874,874,874,874,,24,42,7.0,1.0,7.0,1.0,7.0,1.0,7.0,2.0,7.0,0.0,7.0,1.0,7.0,8.0
875,875,875,875,,13,270,7.0,1.0,7.0,1.0,7.0,1.0,7.0,2.0,7.0,0.0,7.0,2.0,7.0,8.0
876,876,876,876,,13,166,5.0,1.0,5.0,1.0,5.0,1.0,5.0,1.0,5.0,0.0,5.0,1.0,5.0,6.0
877,877,877,877,,25,217,6.0,1.0,6.0,1.0,6.0,2.0,6.0,5.0,6.0,1.0,6.0,1.0,6.0,7.0
878,878,878,878,,19,142,7.0,1.0,7.0,1.0,7.0,1.0,7.0,3.0,7.0,1.0,7.0,1.0,7.0,7.0
879,879,879,879,,28,217,7.0,1.0,7.0,1.0,7.0,4.0,7.0,4.0,7.0,1.0,7.0,3.0,7.0,7.0
880,880,880,880,,80,35,7.0,1.0,7.0,1.0,7.0,1.0,7.0,2.0,7.0,1.0,7.0,1.0,7.0,7.0
881,881,881,881,,1,35,6.0,0.0,6.0,0.0,6.0,0.0,6.0,0.0,6.0,0.0,6.0,0.0,6.0,6.0
882,882,882,882,,79,42,5.0,1.0,5.0,3.0,5.0,1.0,5.0,2.0,5.0,1.0,5.0,2.0,5.0,6.0
883,883,883,883,,59,60,8.0,1.0,8.0,1.0,8.0,2.0,8.0,2.0,8.0,1.0,8.0,3.0,8.0,8.0
884,884,884,884,,26,49,7.0,1.0,7.0,1.0,7.0,1.0,7.0,1.0,7.0,0.0,7.0,1.0,7.0,7.0
885,885,885,885,,11,42,6.0,1.0,6.0,1.0,6.0,1.0,6.0,1.0,6.0,0.0,6.0,3.0,6.0,6.0
886,886,886,886,,9,16,6.0,1.0,6.0,0.0,6.0,1.0,6.0,1.0,6.0,1.0,6.0,2.0,6.0,7.0
887,887,887,887,,7,270,6.0,1.0,6.0,0.0,6.0,1.0,6.0,1.0,6.0,3.0,6.0,1.0,6.0,6.0
888,888,888,888,,67,142,5.0,2.0,5.0,1.0,5.0,1.0,5.0,3.0,5.0,1.0,5.0,2.0,5.0,7.0
889,889,889,889,,64,16,7.0,3.0,7.0,1.0,7.0,1.0,7.0,4.0,7.0,1.0,7.0,1.0,7.0,7.0
890,890,890,890,,1,496,6.0,0.0,6.0,0.0,6.0,0.0,6.0,0.0,6.0,0.0,6.0,0.0,6.0,6.0
891,891,891,891,,4,375,7.0,0.0,7.0,0.0,7.0,0.0,7.0,0.0,7.0,0.0,7.0,0.0,7.0,7.0
892,892,892,892,,15,387,8.0,0.0,8.0,0.0,8.0,1.0,8.0,1.0,8.0,0.0,8.0,1.0,8.0,8.0
893,893,893,893,,7,153,6.0,1.0,6.0,1.0,6.0,1.0,6.0,3.0,6.0,0.0,6.0,1.0,6.0,7.0
894,894,894,894,,0,46,5.0,0.0,5.0,0.0,5.0,0.0,5.0,0.0,5.0,0.0,5.0,0.0,5.0,7.0
895,895,895,895,,12,270,6.0,1.0,6.0,1.0,6.0,1.0,6.0,2.0,6.0,0.0,6.0,1.0,6.0,6.0
896,896,896,896,,45,270,5.0,1.0,5.0,1.0,5.0,1.0,5.0,2.0,5.0,1.0,5.0,1.0,5.0,6.0
897,897,897,897,,19,42,5.0,1.0,5.0,1.0,5.0,1.0,5.0,1.0,5.0,0.0,5.0,1.0,5.0,5.0
898,898,898,898,,37,49,6.0,1.0,6.0,1.0,6.0,1.0,6.0,2.0,6.0,0.0,6.0,1.0,6.0,7.0
899,899,899,899,,133,60,7.0,2.0,7.0,1.0,7.0,1.0,7.0,4.0,7.0,1.0,7.0,2.0,7.0,8.0
900,900,900,900,,34,92,7.0,1.0,7.0,1.0,7.0,1.0,7.0,2.0,7.0,1.0,7.0,1.0,7.0,7.0
901,901,901,901,,24,272,7.0,1.0,7.0,0.0,7.0,1.0,7.0,1.0,7.0,1.0,7.0,1.0,7.0,7.0
902,902,902,902,,6,92,7.0,0.0,7.0,0.0,7.0,0.0,7.0,0.0,7.0,0.0,7.0,0.0,7.0,7.0
903,903,903,903,,5,388,6.0,0.0,6.0,0.0,6.0,1.0,6.0,1.0,6.0,0.0,6.0,1.0,6.0,7.0
904,904,904,904,,1,218,7.0,0.0,7.0,0.0,7.0,0.0,7.0,0.0,7.0,0.0,7.0,0.0,7.0,7.0
905,905,905,905,,17,270,7.0,1.0,7.0,0.0,7.0,1.0,7.0,1.0,7.0,0.0,7.0,1.0,7.0,7.0
906,906,906,906,,7,217,6.0,0.0,6.0,0.0,6.0,1.0,6.0,1.0,6.0,0.0,6.0,1.0,6.0,6.0
907,907,907,907,,12,166,6.0,1.0,6.0,2.0,6.0,1.0,6.0,2.0,6.0,1.0,6.0,1.0,6.0,6.0
908,908,908,908,,18,92,7.0,1.0,7.0,1.0,7.0,1.0,7.0,2.0,7.0,1.0,7.0,1.0,7.0,7.0
909,909,909,909,,46,92,7.0,1.0,7.0,1.0,7.0,1.0,7.0,2.0,7.0,1.0,7.0,1.0,7.0,7.0
910,910,910,910,,3,166,6.0,0.0,6.0,0.0,6.0,0.0,6.0,0.0,6.0,0.0,6.0,0.0,6.0,7.0
911,911,911,911,,29,218,7.0,1.0,7.0,1.0,7.0,1.0,7.0,2.0,7.0,1.0,7.0,1.0,7.0,7.0
912,912,912,912,,17,372,7.0,2.0,7.0,1.0,7.0,1.0,7.0,1.0,7.0,1.0,7.0,2.0,7.0,7.0
913,913,913,913,,67,142,6.0,1.0,6.0,1.0,6.0,1.0,6.0,2.0,6.0,1.0,6.0,2.0,6.0,7.0
914,914,914,914,,46,218,6.0,1.0,6.0,1.0,6.0,1.0,6.0,2.0,6.0,1.0,6.0,1.0,6.0,7.0
915,915,915,915,,64,60,7.0,1.0,7.0,1.0,7.0,2.0,7.0,2.0,7.0,1.0,7.0,2.0,7.0,7.0
916,916,916,916,,26,218,6.0,1.0,6.0,1.0,6.0,1.0,6.0,1.0,6.0,0.0,6.0,1.0,6.0,6.0
917,917,917,917,,1,47,6.0,0.0,6.0,0.0,6.0,0.0,6.0,0.0,6.0,0.0,6.0,0.0,6.0,6.0
918,918,918,918,,26,668,7.0,1.0,7.0,0.0,7.0,1.0,7.0,1.0,7.0,0.0,7.0,1.0,7.0,7.0
919,919,919,919,,7,375,7.0,1.0,7.0,0.0,7.0,1.0,7.0,1.0,7.0,0.0,7.0,3.0,7.0,7.0
920,920,920,920,,57,272,5.0,1.0,5.0,1.0,5.0,1.0,5.0,2.0,5.0,1.0,5.0,2.0,5.0,6.0
921,921,921,921,,4,92,7.0,0.0,7.0,0.0,7.0,0.0,7.0,0.0,7.0,0.0,7.0,0.0,7.0,7.0
922,922,922,922,,44,153,6.0,1.0,6.0,1.0,6.0,1.0,6.0,2.0,6.0,1.0,6.0,1.0,6.0,7.0
923,923,923,923,,22,218,6.0,0.0,6.0,1.0,6.0,1.0,6.0,1.0,6.0,0.0,6.0,1.0,6.0,6.0
924,924,924,924,,12,42,5.0,1.0,5.0,1.0,5.0,1.0,5.0,2.0,5.0,1.0,5.0,1.0,5.0,6.0
925,925,925,925,,54,345,7.0,1.0,7.0,1.0,7.0,2.0,7.0,3.0,7.0,1.0,7.0,2.0,7.0,7.0
926,926,926,926,,59,345,5.0,1.0,5.0,1.0,5.0,2.0,5.0,3.0,5.0,1.0,5.0,2.0,5.0,6.0
927,927,927,927,,0,48,5.0,0.0,5.0,0.0,5.0,0.0,5.0,0.0,5.0,0.0,5.0,0.0,5.0,6.0
928,928,928,928,,26,218,7.0,1.0,7.0,1.0,7.0,1.0,7.0,1.0,7.0,1.0,7.0,1.0,7.0,7.0
929,929,929,929,,73,360,6.0,2.0,6.0,1.0,6.0,1.0,6.0,2.0,6.0,4.0,6.0,1.0,6.0,7.0
930,930,930,930,,20,142,7.0,2.0,7.0,2.0,7.0,2.0,7.0,3.0,7.0,1.0,7.0,3.0,7.0,8.0
931,931,931,931,,1,133,6.0,0.0,6.0,0.0,6.0,0.0,6.0,0.0,6.0,0.0,6.0,0.0,6.0,7.0
932,932,932,932,,30,375,8.0,2.0,8.0,1.0,8.0,2.0,8.0,2.0,8.0,1.0,8.0,1.0,8.0,8.0
933,933,933,933,,23,270,6.0,1.0,6.0,1.0,6.0,1.0,6.0,1.0,6.0,0.0,6.0,1.0,6.0,7.0
934,934,934,934,,13,42,6.0,2.0,6.0,1.0,6.0,1.0,6.0,2.0,6.0,1.0,6.0,1.0,6.0,7.0
935,935,935,935,,31,218,5.0,1.0,5.0,1.0,5.0,1.0,5.0,2.0,5.0,1.0,5.0,1.0,5.0,5.0
936,936,936,936,,79,389,6.0,1.0,6.0,1.0,6.0,1.0,6.0,2.0,6.0,1.0,6.0,2.0,6.0,6.0
937,937,937,937,,2,217,6.0,0.0,6.0,0.0,6.0,0.0,6.0,0.0,6.0,0.0,6.0,0.0,6.0,6.0
938,938,938,938,,25,42,6.0,1.0,6.0,2.0,6.0,1.0,6.0,1.0,6.0,1.0,6.0,1.0,6.0,7.0
939,939,939,939,,37,16,6.0,2.0,6.0,1.0,6.0,1.0,6.0,2.0,6.0,1.0,6.0,1.0,6.0,7.0
940,940,940,940,,56,49,6.0,1.0,6.0,1.0,6.0,1.0,6.0,2.0,6.0,1.0,6.0,1.0,6.0,7.0
941,941,941,941,,20,60,7.0,2.0,7.0,1.0,7.0,1.0,7.0,2.0,7.0,1.0,7.0,2.0,7.0,8.0
942,942,942,942,,8,387,7.0,0.0,7.0,0.0,7.0,0.0,7.0,0.0,7.0,0.0,7.0,0.0,7.0,7.0
943,943,943,943,,25,49,6.0,1.0,6.0,1.0,6.0,1.0,6.0,1.0,6.0,0.0,6.0,1.0,6.0,6.0
944,944,944,944,,19,142,6.0,1.0,6.0,1.0,6.0,1.0,6.0,3.0,6.0,1.0,6.0,1.0,6.0,7.0
945,945,945,945,,25,16,6.0,2.0,6.0,1.0,6.0,1.0,6.0,2.0,6.0,1.0,6.0,1.0,6.0,7.0
946,946,946,946,,43,35,8.0,1.0,8.0,1.0,8.0,1.0,8.0,2.0,8.0,1.0,8.0,1.0,8.0,8.0
947,947,947,947,,6,142,6.0,1.0,6.0,0.0,6.0,1.0,6.0,1.0,6.0,0.0,6.0,1.0,6.0,7.0
948,948,948,948,,40,270,6.0,1.0,6.0,1.0,6.0,1.0,6.0,2.0,6.0,1.0,6.0,1.0,6.0,6.0
949,949,949,949,,6,92,6.0,0.0,6.0,0.0,6.0,1.0,6.0,1.0,6.0,0.0,6.0,1.0,6.0,6.0
950,950,950,950,,9,218,7.0,2.0,7.0,1.0,7.0,1.0,7.0,4.0,7.0,0.0,7.0,1.0,7.0,8.0
951,951,951,951,,87,217,6.0,1.0,6.0,1.0,6.0,2.0,6.0,3.0,6.0,1.0,6.0,2.0,6.0,7.0
952,952,952,952,,7,387,6.0,0.0,6.0,0.0,6.0,0.0,6.0,1.0,6.0,0.0,6.0,0.0,6.0,7.0
953,953,953,953,,101,60,6.0,1.0,6.0,1.0,6.0,1.0,6.0,2.0,6.0,1.0,6.0,2.0,6.0,6.0
954,954,954,954,,80,92,7.0,1.0,7.0,1.0,7.0,1.0,7.0,2.0,7.0,1.0,7.0,1.0,7.0,7.0
955,955,955,955,,70,16,6.0,3.0,6.0,1.0,6.0,1.0,6.0,3.0,6.0,1.0,6.0,2.0,6.0,7.0
956,956,956,956,,16,388,6.0,1.0,6.0,0.0,6.0,1.0,6.0,1.0,6.0,0.0,6.0,1.0,6.0,6.0
957,957,957,957,,49,16,6.0,2.0,6.0,1.0,6.0,1.0,6.0,4.0,6.0,1.0,6.0,1.0,6.0,6.0
958,958,958,958,,31,142,6.0,1.0,6.0,1.0,6.0,1.0,6.0,1.0,6.0,1.0,6.0,1.0,6.0,6.0
959,959,959,959,,16,34,5.0,0.0,5.0,2.0,5.0,1.0,5.0,1.0,5.0,0.0,5.0,0.0,5.0,6.0
960,960,960,960,,64,35,4.0,1.0,4.0,1.0,4.0,1.0,4.0,2.0,4.0,1.0,4.0,1.0,4.0,6.0
961,961,961,961,,13,49,6.0,0.0,6.0,0.0,6.0,0.0,6.0,0.0,6.0,0.0,6.0,0.0,6.0,7.0
962,962,962,962,,10,270,6.0,1.0,6.0,0.0,6.0,1.0,6.0,1.0,6.0,2.0,6.0,1.0,6.0,6.0
963,963,963,963,,43,16,6.0,2.0,6.0,1.0,6.0,1.0,6.0,3.0,6.0,1.0,6.0,2.0,6.0,7.0
964,964,964,964,,27,34,6.0,0.0,6.0,4.0,6.0,2.0,6.0,2.0,6.0,0.0,6.0,1.0,6.0,7.0
965,965,965,965,,34,35,4.0,1.0,4.0,1.0,4.0,1.0,4.0,2.0,4.0,1.0,4.0,1.0,4.0,5.0
966,966,966,966,,42,42,5.0,1.0,5.0,2.0,5.0,1.0,5.0,1.0,5.0,0.0,5.0,1.0,5.0,5.0
967,967,967,967,,19,142,6.0,1.0,6.0,1.0,6.0,1.0,6.0,3.0,6.0,1.0,6.0,1.0,6.0,6.0
968,968,968,968,,16,375,6.0,1.0,6.0,0.0,6.0,0.0,6.0,1.0,6.0,0.0,6.0,1.0,6.0,6.0
969,969,969,969,,20,272,6.0,1.0,6.0,1.0,6.0,1.0,6.0,2.0,6.0,0.0,6.0,1.0,6.0,7.0
970,970,970,970,,12,49,6.0,0.0,6.0,0.0,6.0,0.0,6.0,0.0,6.0,0.0,6.0,0.0,6.0,6.0
971,971,971,971,,21,270,6.0,0.0,6.0,0.0,6.0,0.0,6.0,1.0,6.0,0.0,6.0,0.0,6.0,6.0
972,972,972,972,,19,375,6.0,1.0,6.0,1.0,6.0,1.0,6.0,1.0,6.0,0.0,6.0,1.0,6.0,7.0
973,973,973,973,,39,272,6.0,1.0,6.0,1.0,6.0,1.0,6.0,2.0,6.0,1.0,6.0,1.0,6.0,7.0
974,974,974,974,,20,142,6.0,1.0,6.0,1.0,6.0,1.0,6.0,3.0,6.0,1.0,6.0,1.0,6.0,6.0
975,975,975,975,,4,217,6.0,0.0,6.0,0.0,6.0,0.0,6.0,1.0,6.0,0.0,6.0,0.0,6.0,6.0
976,976,976,976,,16,799,6.0,0.0,6.0,0.0,6.0,0.0,6.0,1.0,6.0,0.0,6.0,0.0,6.0,7.0
977,977,977,977,,25,272,8.0,1.0,8.0,0.0,8.0,1.0,8.0,1.0,8.0,0.0,8.0,1.0,8.0,8.0
978,978,978,978,,25,218,7.0,1.0,7.0,1.0,7.0,1.0,7.0,2.0,7.0,0.0,7.0,1.0,7.0,8.0
979,979,979,979,,0,50,7.0,0.0,7.0,0.0,7.0,0.0,7.0,0.0,7.0,0.0,7.0,0.0,7.0,7.0
980,980,980,980,,13,272,7.0,1.0,7.0,1.0,7.0,1.0,7.0,1.0,7.0,1.0,7.0,1.0,7.0,7.0
981,981,981,981,,3,67,5.0,0.0,5.0,0.0,5.0,0.0,5.0,0.0,5.0,0.0,5.0,0.0,5.0,6.0
982,982,982,982,,44,369,6.0,1.0,6.0,1.0,6.0,2.0,6.0,3.0,6.0,1.0,6.0,9.0,8.0,8.0
983,983,983,983,,47,35,7.0,1.0,7.0,1.0,7.0,1.0,7.0,2.0,7.0,1.0,7.0,1.0,7.0,7.0
984,984,984,984,,1,42,6.0,0.0,6.0,0.0,6.0,0.0,6.0,0.0,6.0,0.0,6.0,0.0,6.0,7.0
985,985,985,985,,6,272,6.0,0.0,6.0,0.0,6.0,0.0,6.0,0.0,6.0,1.0,6.0,0.0,6.0,7.0
986,986,986,986,,17,142,5.0,1.0,5.0,1.0,5.0,1.0,5.0,2.0,5.0,0.0,5.0,1.0,5.0,6.0
987,987,987,987,,44,270,6.0,1.0,6.0,1.0,6.0,1.0,6.0,2.0,6.0,1.0,6.0,1.0,6.0,6.0
988,988,988,988,,1,321,6.0,0.0,6.0,0.0,6.0,0.0,6.0,0.0,6.0,0.0,6.0,0.0,6.0,7.0
989,989,989,989,,5,360,6.0,0.0,6.0,1.0,6.0,1.0,6.0,1.0,6.0,1.0,6.0,1.0,6.0,7.0
990,990,990,990,,25,387,6.0,0.0,6.0,0.0,6.0,0.0,6.0,0.0,6.0,0.0,6.0,0.0,6.0,6.0
991,991,991,991,,4,16,7.0,1.0,7.0,0.0,7.0,0.0,7.0,4.0,7.0,0.0,7.0,1.0,7.0,7.0
992,992,992,992,,88,16,6.0,2.0,6.0,1.0,6.0,1.0,6.0,3.0,6.0,1.0,6.0,1.0,6.0,7.0
993,993,993,993,,51,60,5.0,1.0,5.0,1.0,5.0,1.0,5.0,2.0,5.0,1.0,5.0,2.0,5.0,7.0
994,994,994,994,,28,217,6.0,1.0,6.0,1.0,6.0,2.0,6.0,2.0,6.0,1.0,6.0,2.0,6.0,7.0
995,995,995,995,,5,16,6.0,0.0,6.0,0.0,6.0,0.0,6.0,4.0,6.0,0.0,6.0,0.0,6.0,6.0
996,996,996,996,,25,42,6.0,1.0,6.0,1.0,6.0,1.0,6.0,2.0,6.0,0.0,6.0,1.0,6.0,6.0
997,997,997,997,,3,217,5.0,0.0,5.0,0.0,5.0,0.0,5.0,0.0,5.0,0.0,5.0,0.0,5.0,5.0
998,998,998,998,,14,42,5.0,0.0,5.0,1.0,5.0,1.0,5.0,1.0,5.0,0.0,5.0,1.0,5.0,5.0
999,999,999,999,,28,375,5.0,1.0,5.0,1.0,5.0,1.0,5.0,1.0,5.0,1.0,5.0,1.0,5.0,6.0
1000,1000,1000,1000,,18,389,5.0,1.0,5.0,1.0,5.0,2.0,5.0,2.0,5.0,0.0,5.0,1.0,5.0,6.0
1001,1001,1001,1001,,5,166,4.0,1.0,4.0,0.0,4.0,1.0,4.0,1.0,4.0,0.0,4.0,0.0,4.0,6.0
1002,1002,1002,1002,,28,16,6.0,2.0,6.0,1.0,6.0,1.0,6.0,2.0,6.0,1.0,6.0,1.0,6.0,7.0
1003,1003,1003,1003,,14,272,6.0,1.0,6.0,1.0,6.0,1.0,6.0,1.0,6.0,0.0,6.0,2.0,6.0,7.0
1004,1004,1004,1004,,20,16,7.0,2.0,7.0,1.0,7.0,1.0,7.0,4.0,7.0,1.0,7.0,1.0,7.0,7.0
1005,1005,1005,1005,,30,49,7.0,1.0,7.0,1.0,7.0,1.0,7.0,1.0,7.0,1.0,7.0,1.0,7.0,7.0
1006,1006,1006,1006,,87,60,8.0,1.0,8.0,1.0,8.0,2.0,8.0,2.0,8.0,1.0,8.0,3.0,8.0,8.0
1007,1007,1007,1007,,0,51,7.0,0.0,7.0,0.0,7.0,0.0,7.0,0.0,7.0,0.0,7.0,0.0,7.0,7.0
1008,1008,1008,1008,,79,16,7.0,3.0,7.0,1.0,7.0,1.0,7.0,3.0,7.0,1.0,7.0,1.0,7.0,7.0
1009,1009,1009,1009,,19,270,7.0,1.0,7.0,1.0,7.0,1.0,7.0,2.0,7.0,1.0,7.0,2.0,7.0,7.0
1010,1010,1010,1010,,2,35,7.0,0.0,7.0,0.0,7.0,0.0,7.0,0.0,7.0,0.0,7.0,0.0,7.0,7.0
1011,1011,1011,1011,,0,52,4.0,0.0,4.0,0.0,4.0,0.0,4.0,0.0,4.0,0.0,4.0,0.0,4.0,5.0
1012,1012,1012,1012,,78,375,7.0,1.0,7.0,1.0,7.0,1.0,7.0,2.0,7.0,1.0,7.0,1.0,7.0,8.0
1013,1013,1013,1013,,1,217,6.0,0.0,6.0,0.0,6.0,0.0,6.0,0.0,6.0,0.0,6.0,0.0,6.0,6.0
1014,1014,1014,1014,,58,16,6.0,2.0,6.0,1.0,6.0,1.0,6.0,7.0,6.0,1.0,6.0,1.0,6.0,7.0
1015,1015,1015,1015,,22,369,7.0,1.0,7.0,1.0,7.0,1.0,7.0,1.0,7.0,0.0,7.0,1.0,7.0,7.0
1016,1016,1016,1016,,27,218,6.0,1.0,6.0,1.0,6.0,1.0,6.0,1.0,6.0,0.0,6.0,1.0,6.0,6.0
1017,1017,1017,1017,,34,42,6.0,1.0,6.0,1.0,6.0,1.0,6.0,2.0,6.0,0.0,6.0,1.0,6.0,6.0
1018,1018,1018,1018,,39,387,7.0,0.0,7.0,0.0,7.0,0.0,7.0,0.0,7.0,0.0,7.0,0.0,7.0,7.0
1019,1019,1019,1019,,29,217,7.0,1.0,7.0,1.0,7.0,2.0,7.0,3.0,7.0,1.0,7.0,2.0,7.0,7.0
1020,1020,1020,1020,,3,153,6.0,0.0,6.0,0.0,6.0,0.0,6.0,0.0,6.0,0.0,6.0,0.0,6.0,6.0
1021,1021,1021,1021,,33,49,7.0,1.0,7.0,1.0,7.0,1.0,7.0,2.0,7.0,1.0,7.0,1.0,7.0,7.0
1022,1022,1022,1022,,8,217,6.0,1.0,6.0,1.0,6.0,1.0,6.0,1.0,6.0,0.0,6.0,1.0,6.0,6.0
1023,1023,1023,1023,,5,49,7.0,0.0,7.0,0.0,7.0,0.0,7.0,0.0,7.0,0.0,7.0,0.0,7.0,7.0
1024,1024,1024,1024,,40,369,6.0,1.0,6.0,1.0,6.0,2.0,6.0,3.0,6.0,1.0,6.0,10.0,8.0,7.0
1025,1025,1025,1025,,17,387,7.0,0.0,7.0,0.0,7.0,1.0,7.0,1.0,7.0,0.0,7.0,2.0,7.0,7.0
1026,1026,1026,1026,,62,16,7.0,4.0,7.0,1.0,7.0,1.0,7.0,4.0,7.0,1.0,7.0,1.0,7.0,7.0
1027,1027,1027,1027,,52,272,7.0,1.0,7.0,1.0,7.0,1.0,7.0,1.0,7.0,0.0,7.0,1.0,7.0,8.0
1028,1028,1028,1028,,0,53,8.0,0.0,8.0,0.0,8.0,0.0,8.0,0.0,8.0,0.0,8.0,0.0,8.0,8.0
1029,1029,1029,1029,,5,166,5.0,0.0,5.0,1.0,5.0,2.0,5.0,1.0,5.0,0.0,5.0,1.0,5.0,5.0
1030,1030,1030,1030,,24,49,6.0,1.0,6.0,0.0,6.0,0.0,6.0,1.0,6.0,0.0,6.0,0.0,6.0,6.0
1031,1031,1031,1031,,72,360,6.0,2.0,6.0,1.0,6.0,1.0,6.0,2.0,6.0,4.0,6.0,2.0,6.0,7.0
1032,1032,1032,1032,,67,360,6.0,2.0,6.0,1.0,6.0,1.0,6.0,2.0,6.0,4.0,6.0,1.0,6.0,6.0
1033,1033,1033,1033,,42,49,7.0,2.0,7.0,1.0,7.0,1.0,7.0,2.0,7.0,1.0,7.0,1.0,7.0,7.0
1034,1034,1034,1034,,46,272,7.0,1.0,7.0,1.0,7.0,1.0,7.0,1.0,7.0,0.0,7.0,1.0,7.0,7.0
1035,1035,1035,1035,,65,153,4.0,2.0,4.0,1.0,4.0,1.0,4.0,2.0,4.0,1.0,4.0,2.0,4.0,6.0
1036,1036,1036,1036,,50,60,6.0,1.0,6.0,1.0,6.0,1.0,6.0,2.0,6.0,1.0,6.0,2.0,6.0,6.0
1037,1037,1037,1037,,47,270,6.0,1.0,6.0,1.0,6.0,1.0,6.0,2.0,6.0,1.0,6.0,1.0,6.0,7.0
1038,1038,1038,1038,,7,375,7.0,1.0,7.0,0.0,7.0,0.0,7.0,1.0,7.0,0.0,7.0,1.0,7.0,7.0
1039,1039,1039,1039,,48,272,7.0,1.0,7.0,1.0,7.0,1.0,7.0,1.0,7.0,0.0,7.0,1.0,7.0,7.0
1040,1040,1040,1040,,64,60,5.0,1.0,5.0,1.0,5.0,2.0,5.0,2.0,5.0,1.0,5.0,3.0,5.0,5.0
1041,1041,1041,1041,,3,153,6.0,0.0,6.0,0.0,6.0,0.0,6.0,0.0,6.0,0.0,6.0,0.0,6.0,7.0
1042,1042,1042,1042,,67,35,6.0,1.0,6.0,1.0,6.0,1.0,6.0,2.0,6.0,1.0,6.0,1.0,6.0,6.0
1043,1043,1043,1043,,73,142,6.0,1.0,6.0,1.0,6.0,1.0,6.0,2.0,6.0,1.0,6.0,2.0,6.0,6.0
1044,1044,1044,1044,,35,218,6.0,1.0,6.0,1.0,6.0,1.0,6.0,2.0,6.0,1.0,6.0,1.0,6.0,7.0
1045,1045,1045,1045,,46,270,6.0,1.0,6.0,1.0,6.0,1.0,6.0,2.0,6.0,1.0,6.0,1.0,6.0,6.0
1046,1046,1046,1046,,46,60,6.0,1.0,6.0,1.0,6.0,1.0,6.0,2.0,6.0,1.0,6.0,2.0,6.0,7.0
1047,1047,1047,1047,,43,35,6.0,1.0,6.0,1.0,6.0,1.0,6.0,2.0,6.0,1.0,6.0,1.0,6.0,7.0
1048,1048,1048,1048,,14,270,7.0,0.0,7.0,0.0,7.0,0.0,7.0,0.0,7.0,0.0,7.0,0.0,7.0,7.0
1049,1049,1049,1049,,53,60,6.0,1.0,6.0,1.0,6.0,1.0,6.0,2.0,6.0,1.0,6.0,2.0,6.0,7.0
1050,1050,1050,1050,,24,42,6.0,1.0,6.0,1.0,6.0,1.0,6.0,2.0,6.0,0.0,6.0,1.0,6.0,6.0
1051,1051,1051,1051,,2,272,8.0,0.0,8.0,0.0,8.0,0.0,8.0,0.0,8.0,0.0,8.0,0.0,8.0,8.0
1052,1052,1052,1052,,66,142,7.0,1.0,7.0,1.0,7.0,1.0,7.0,2.0,7.0,1.0,7.0,2.0,7.0,8.0
1053,1053,1053,1053,,24,42,7.0,1.0,7.0,1.0,7.0,1.0,7.0,2.0,7.0,0.0,7.0,1.0,7.0,7.0
1054,1054,1054,1054,,58,35,5.0,1.0,5.0,1.0,5.0,1.0,5.0,2.0,5.0,1.0,5.0,1.0,5.0,6.0
1055,1055,1055,1055,,1,218,7.0,0.0,7.0,0.0,7.0,0.0,7.0,0.0,7.0,0.0,7.0,0.0,7.0,7.0
1056,1056,1056,1056,,70,217,7.0,1.0,7.0,1.0,7.0,2.0,7.0,3.0,7.0,1.0,7.0,2.0,7.0,7.0
1057,1057,1057,1057,,36,16,7.0,2.0,7.0,1.0,7.0,1.0,7.0,2.0,7.0,1.0,7.0,1.0,7.0,7.0
1058,1058,1058,1058,,16,375,6.0,1.0,6.0,0.0,6.0,1.0,6.0,1.0,6.0,0.0,6.0,1.0,6.0,7.0
1059,1059,1059,1059,,21,270,5.0,1.0,5.0,0.0,5.0,0.0,5.0,1.0,5.0,0.0,5.0,1.0,5.0,6.0
1060,1060,1060,1060,,2,166,6.0,1.0,6.0,0.0,6.0,0.0,6.0,0.0,6.0,0.0,6.0,0.0,6.0,6.0
1061,1061,1061,1061,,13,270,7.0,1.0,7.0,1.0,7.0,1.0,7.0,3.0,7.0,1.0,7.0,2.0,7.0,7.0
1062,1062,1062,1062,,24,92,7.0,1.0,7.0,1.0,7.0,1.0,7.0,3.0,7.0,1.0,7.0,1.0,7.0,8.0
1063,1063,1063,1063,,12,272,7.0,1.0,7.0,1.0,7.0,1.0,7.0,2.0,7.0,0.0,7.0,1.0,7.0,7.0
1064,1064,1064,1064,,23,387,6.0,0.0,6.0,0.0,6.0,0.0,6.0,0.0,6.0,0.0,6.0,0.0,6.0,7.0
1065,1065,1065,1065,,5,272,6.0,0.0,6.0,0.0,6.0,0.0,6.0,0.0,6.0,0.0,6.0,0.0,6.0,6.0
1066,1066,1066,1066,,0,54,6.0,0.0,6.0,0.0,6.0,0.0,6.0,0.0,6.0,0.0,6.0,0.0,6.0,6.0
1067,1067,1067,1067,,44,389,6.0,1.0,6.0,1.0,6.0,1.0,6.0,2.0,6.0,0.0,6.0,1.0,6.0,6.0
1068,1068,1068,1068,,3,375,7.0,0.0,7.0,0.0,7.0,0.0,7.0,0.0,7.0,0.0,7.0,0.0,7.0,7.0
1069,1069,1069,1069,,7,42,4.0,0.0,4.0,0.0,4.0,0.0,4.0,0.0,4.0,0.0,4.0,0.0,4.0,5.0
1070,1070,1070,1070,,19,388,6.0,1.0,6.0,1.0,6.0,1.0,6.0,1.0,6.0,0.0,6.0,1.0,6.0,6.0
1071,1071,1071,1071,,15,166,7.0,1.0,7.0,1.0,7.0,1.0,7.0,1.0,7.0,1.0,7.0,1.0,7.0,7.0
1072,1072,1072,1072,,15,345,6.0,1.0,6.0,1.0,6.0,1.0,6.0,3.0,6.0,0.0,6.0,2.0,6.0,7.0
1073,1073,1073,1073,,50,272,6.0,1.0,6.0,1.0,6.0,1.0,6.0,1.0,6.0,0.0,6.0,1.0,6.0,7.0
1074,1074,1074,1074,,27,270,6.0,1.0,6.0,0.0,6.0,1.0,6.0,1.0,6.0,0.0,6.0,1.0,6.0,7.0
1075,1075,1075,1075,,15,60,6.0,1.0,6.0,1.0,6.0,1.0,6.0,1.0,6.0,0.0,6.0,1.0,6.0,6.0
1076,1076,1076,1076,,63,218,6.0,1.0,6.0,1.0,6.0,1.0,6.0,2.0,6.0,1.0,6.0,2.0,6.0,7.0
1077,1077,1077,1077,,21,369,6.0,1.0,6.0,1.0,6.0,1.0,6.0,1.0,6.0,0.0,6.0,1.0,6.0,7.0
1078,1078,1078,1078,,68,270,6.0,2.0,6.0,1.0,6.0,1.0,6.0,2.0,6.0,1.0,6.0,1.0,6.0,6.0
1079,1079,1079,1079,,10,34,7.0,0.0,7.0,1.0,7.0,1.0,7.0,1.0,7.0,0.0,7.0,1.0,7.0,7.0
1080,1080,1080,1080,,7,49,7.0,1.0,7.0,1.0,7.0,2.0,7.0,1.0,7.0,0.0,7.0,1.0,7.0,8.0
1081,1081,1081,1081,,6,92,7.0,1.0,7.0,0.0,7.0,0.0,7.0,1.0,7.0,0.0,7.0,1.0,7.0,7.0
1082,1082,1082,1082,,27,272,6.0,2.0,6.0,1.0,6.0,1.0,6.0,2.0,6.0,1.0,6.0,1.0,6.0,7.0
1083,1083,1083,1083,,1,142,5.0,0.0,5.0,0.0,5.0,0.0,5.0,0.0,5.0,0.0,5.0,0.0,5.0,7.0
1084,1084,1084,1084,,31,16,5.0,2.0,5.0,1.0,5.0,1.0,5.0,2.0,5.0,1.0,5.0,1.0,5.0,6.0
1085,1085,1085,1085,,23,49,6.0,1.0,6.0,0.0,6.0,0.0,6.0,1.0,6.0,0.0,6.0,0.0,6.0,6.0
1086,1086,1086,1086,,5,270,5.0,0.0,5.0,0.0,5.0,1.0,5.0,1.0,5.0,0.0,5.0,1.0,5.0,6.0
1087,1087,1087,1087,,89,16,7.0,3.0,7.0,1.0,7.0,1.0,7.0,3.0,7.0,1.0,7.0,1.0,7.0,7.0
1088,1088,1088,1088,,0,55,6.0,0.0,6.0,0.0,6.0,0.0,6.0,0.0,6.0,0.0,6.0,0.0,6.0,6.0
1089,1089,1089,1089,,14,345,5.0,1.0,5.0,1.0,5.0,1.0,5.0,3.0,5.0,0.0,5.0,1.0,5.0,6.0
1090,1090,1090,1090,,1,658,6.0,0.0,6.0,0.0,6.0,0.0,6.0,0.0,6.0,0.0,6.0,0.0,6.0,6.0
1091,1091,1091,1091,,57,60,7.0,1.0,7.0,1.0,7.0,2.0,7.0,2.0,7.0,1.0,7.0,2.0,7.0,7.0
1092,1092,1092,1092,,28,49,7.0,1.0,7.0,0.0,7.0,1.0,7.0,1.0,7.0,0.0,7.0,1.0,7.0,7.0
1093,1093,1093,1093,,59,272,6.0,1.0,6.0,1.0,6.0,1.0,6.0,1.0,6.0,1.0,6.0,2.0,6.0,7.0
1094,1094,1094,1094,,15,668,6.0,0.0,6.0,0.0,6.0,0.0,6.0,0.0,6.0,0.0,6.0,0.0,6.0,7.0
1095,1095,1095,1095,,8,49,7.0,0.0,7.0,0.0,7.0,0.0,7.0,0.0,7.0,0.0,7.0,0.0,7.0,7.0
1096,1096,1096,1096,,43,217,5.0,1.0,5.0,1.0,5.0,3.0,5.0,3.0,5.0,1.0,5.0,2.0,5.0,6.0
1097,1097,1097,1097,,70,360,6.0,2.0,6.0,1.0,6.0,1.0,6.0,2.0,6.0,4.0,6.0,1.0,6.0,7.0
1098,1098,1098,1098,,15,375,6.0,1.0,6.0,0.0,6.0,1.0,6.0,1.0,6.0,0.0,6.0,1.0,6.0,7.0
1099,1099,1099,1099,,0,56,4.0,0.0,4.0,0.0,4.0,0.0,4.0,0.0,4.0,0.0,4.0,0.0,4.0,6.0
1100,1100,1100,1100,,1,379,6.0,0.0,6.0,0.0,6.0,0.0,6.0,0.0,6.0,0.0,6.0,0.0,6.0,6.0
1101,1101,1101,1101,,0,57,2.0,0.0,2.0,0.0,2.0,0.0,2.0,0.0,2.0,0.0,2.0,0.0,2.0,3.0
1102,1102,1102,1102,,40,49,7.0,1.0,7.0,1.0,7.0,1.0,7.0,2.0,7.0,1.0,7.0,1.0,7.0,7.0
1103,1103,1103,1103,,69,360,7.0,2.0,7.0,1.0,7.0,1.0,7.0,2.0,7.0,4.0,7.0,1.0,7.0,8.0
1104,1104,1104,1104,,29,217,6.0,1.0,6.0,1.0,6.0,1.0,6.0,2.0,6.0,1.0,6.0,1.0,6.0,7.0
1105,1105,1105,1105,,57,60,7.0,1.0,7.0,1.0,7.0,2.0,7.0,2.0,7.0,1.0,7.0,2.0,7.0,7.0
1106,1106,1106,1106,,46,272,6.0,1.0,6.0,1.0,6.0,1.0,6.0,1.0,6.0,0.0,6.0,1.0,6.0,7.0
1107,1107,1107,1107,,68,360,6.0,2.0,6.0,1.0,6.0,1.0,6.0,2.0,6.0,4.0,6.0,2.0,6.0,6.0
1108,1108,1108,1108,,3,34,7.0,0.0,7.0,0.0,7.0,0.0,7.0,0.0,7.0,0.0,7.0,0.0,7.0,7.0
1109,1109,1109,1109,,5,360,6.0,1.0,6.0,0.0,6.0,1.0,6.0,1.0,6.0,2.0,6.0,1.0,6.0,7.0
1110,1110,1110,1110,,44,153,6.0,1.0,6.0,1.0,6.0,1.0,6.0,2.0,6.0,1.0,6.0,1.0,6.0,7.0
1111,1111,1111,1111,,7,49,6.0,0.0,6.0,1.0,6.0,2.0,6.0,1.0,6.0,0.0,6.0,1.0,6.0,6.0
1112,1112,1112,1112,,6,217,7.0,0.0,7.0,1.0,7.0,1.0,7.0,1.0,7.0,0.0,7.0,0.0,7.0,7.0
1113,1113,1113,1113,,6,42,6.0,0.0,6.0,2.0,6.0,1.0,6.0,1.0,6.0,0.0,6.0,1.0,6.0,6.0
1114,1114,1114,1114,,7,217,7.0,2.0,7.0,1.0,7.0,2.0,7.0,2.0,7.0,0.0,7.0,2.0,7.0,8.0
1115,1115,1115,1115,,9,369,5.0,0.0,5.0,0.0,5.0,1.0,5.0,1.0,5.0,0.0,5.0,2.0,5.0,6.0
1116,1116,1116,1116,,12,360,7.0,1.0,7.0,1.0,7.0,1.0,7.0,1.0,7.0,2.0,7.0,1.0,7.0,7.0
1117,1117,1117,1117,,0,58,7.0,0.0,7.0,0.0,7.0,0.0,7.0,0.0,7.0,0.0,7.0,0.0,7.0,7.0
1118,1118,1118,1118,,38,389,6.0,1.0,6.0,1.0,6.0,1.0,6.0,2.0,6.0,0.0,6.0,1.0,6.0,7.0
1119,1119,1119,1119,,37,218,7.0,1.0,7.0,1.0,7.0,1.0,7.0,2.0,7.0,1.0,7.0,1.0,7.0,8.0
1120,1120,1120,1120,,11,272,7.0,1.0,7.0,1.0,7.0,1.0,7.0,1.0,7.0,0.0,7.0,1.0,7.0,7.0
1121,1121,1121,1121,,79,16,7.0,2.0,7.0,1.0,7.0,1.0,7.0,6.0,7.0,1.0,7.0,1.0,7.0,7.0
1122,1122,1122,1122,,20,217,6.0,1.0,6.0,1.0,6.0,1.0,6.0,2.0,6.0,1.0,6.0,1.0,6.0,6.0
1123,1123,1123,1123,,4,217,5.0,0.0,5.0,0.0,5.0,0.0,5.0,0.0,5.0,0.0,5.0,0.0,5.0,6.0
1124,1124,1124,1124,,24,218,7.0,1.0,7.0,1.0,7.0,1.0,7.0,1.0,7.0,1.0,7.0,1.0,7.0,7.0
1125,1125,1125,1125,,5,42,7.0,0.0,7.0,0.0,7.0,0.0,7.0,0.0,7.0,0.0,7.0,0.0,7.0,7.0
1126,1126,1126,1126,,19,166,6.0,1.0,6.0,1.0,6.0,1.0,6.0,1.0,6.0,1.0,6.0,1.0,6.0,6.0
1127,1127,1127,1127,,1,105,6.0,0.0,6.0,0.0,6.0,0.0,6.0,0.0,6.0,0.0,6.0,0.0,6.0,6.0
1128,1128,1128,1128,,2,92,7.0,0.0,7.0,0.0,7.0,0.0,7.0,0.0,7.0,0.0,7.0,0.0,7.0,7.0
1129,1129,1129,1129,,2,153,6.0,0.0,6.0,0.0,6.0,0.0,6.0,0.0,6.0,0.0,6.0,0.0,6.0,6.0
1130,1130,1130,1130,,2,218,5.0,0.0,5.0,0.0,5.0,0.0,5.0,0.0,5.0,0.0,5.0,0.0,5.0,6.0
1131,1131,1131,1131,,25,272,6.0,1.0,6.0,0.0,6.0,1.0,6.0,1.0,6.0,0.0,6.0,1.0,6.0,7.0
1132,1132,1132,1132,,19,375,6.0,1.0,6.0,1.0,6.0,1.0,6.0,1.0,6.0,0.0,6.0,1.0,6.0,6.0
1133,1133,1133,1133,,13,217,6.0,1.0,6.0,1.0,6.0,1.0,6.0,2.0,6.0,0.0,6.0,1.0,6.0,7.0
1134,1134,1134,1134,,38,369,4.0,1.0,4.0,1.0,4.0,2.0,4.0,3.0,4.0,1.0,4.0,10.0,7.0,6.0
1135,1135,1135,1135,,11,375,7.0,0.0,7.0,0.0,7.0,1.0,7.0,1.0,7.0,0.0,7.0,1.0,7.0,7.0
1136,1136,1136,1136,,6,49,7.0,0.0,7.0,0.0,7.0,0.0,7.0,0.0,7.0,0.0,7.0,0.0,7.0,7.0
1137,1137,1137,1137,,5,218,5.0,0.0,5.0,0.0,5.0,0.0,5.0,1.0,5.0,0.0,5.0,0.0,5.0,7.0
1138,1138,1138,1138,,38,92,6.0,1.0,6.0,1.0,6.0,2.0,6.0,2.0,6.0,1.0,6.0,2.0,6.0,7.0
1139,1139,1139,1139,,2,217,6.0,2.0,6.0,0.0,6.0,1.0,6.0,1.0,6.0,0.0,6.0,0.0,6.0,7.0
1140,1140,1140,1140,,4,153,7.0,0.0,7.0,0.0,7.0,0.0,7.0,0.0,7.0,0.0,7.0,0.0,7.0,7.0
1141,1141,1141,1141,,12,272,7.0,1.0,7.0,2.0,7.0,1.0,7.0,2.0,7.0,1.0,7.0,1.0,7.0,7.0
1142,1142,1142,1142,,0,59,5.0,0.0,5.0,0.0,5.0,0.0,5.0,0.0,5.0,0.0,5.0,0.0,5.0,6.0
1143,1143,1143,1143,,27,375,7.0,1.0,7.0,1.0,7.0,1.0,7.0,1.0,7.0,1.0,7.0,1.0,7.0,7.0
1144,1144,1144,1144,,3,272,5.0,0.0,5.0,0.0,5.0,0.0,5.0,1.0,5.0,0.0,5.0,0.0,5.0,6.0
1145,1145,1145,1145,,66,360,8.0,2.0,8.0,1.0,8.0,1.0,8.0,2.0,8.0,4.0,8.0,1.0,8.0,8.0
1146,1146,1146,1146,,18,92,6.0,1.0,6.0,1.0,6.0,2.0,6.0,3.0,6.0,1.0,6.0,3.0,6.0,7.0
1147,1147,1147,1147,,1,217,6.0,0.0,6.0,1.0,6.0,0.0,6.0,0.0,6.0,0.0,6.0,0.0,6.0,6.0
1148,1148,1148,1148,,8,387,7.0,0.0,7.0,0.0,7.0,0.0,7.0,0.0,7.0,0.0,7.0,0.0,7.0,7.0
1149,1149,1149,1149,,56,217,7.0,1.0,7.0,2.0,7.0,3.0,7.0,3.0,7.0,1.0,7.0,2.0,7.0,7.0
1150,1150,1150,1150,,30,218,7.0,1.0,7.0,1.0,7.0,1.0,7.0,2.0,7.0,1.0,7.0,2.0,7.0,7.0
1151,1151,1151,1151,,1,232,6.0,0.0,6.0,0.0,6.0,0.0,6.0,0.0,6.0,0.0,6.0,0.0,6.0,6.0
1152,1152,1152,1152,,98,60,7.0,1.0,7.0,1.0,7.0,2.0,7.0,3.0,7.0,1.0,7.0,5.0,7.0,8.0
1153,1153,1153,1153,,10,272,6.0,0.0,6.0,0.0,6.0,0.0,6.0,0.0,6.0,2.0,6.0,0.0,6.0,7.0
1154,1154,1154,1154,,57,217,5.0,1.0,5.0,2.0,5.0,3.0,5.0,3.0,5.0,1.0,5.0,2.0,5.0,6.0
1155,1155,1155,1155,,64,35,5.0,1.0,5.0,1.0,5.0,1.0,5.0,2.0,5.0,1.0,5.0,1.0,5.0,6.0
1156,1156,1156,1156,,23,372,7.0,3.0,7.0,1.0,7.0,1.0,7.0,2.0,7.0,1.0,7.0,2.0,7.0,7.0
1157,1157,1157,1157,,56,345,6.0,1.0,6.0,1.0,6.0,2.0,6.0,3.0,6.0,1.0,6.0,2.0,6.0,6.0
1158,1158,1158,1158,,43,375,7.0,1.0,7.0,1.0,7.0,1.0,7.0,2.0,7.0,1.0,7.0,1.0,7.0,8.0
1159,1159,1159,1159,,62,16,7.0,4.0,7.0,1.0,7.0,1.0,7.0,4.0,7.0,1.0,7.0,1.0,7.0,7.0
1160,1160,1160,1160,,9,388,7.0,0.0,7.0,1.0,7.0,2.0,7.0,1.0,7.0,0.0,7.0,1.0,7.0,7.0
1161,1161,1161,1161,,12,35,7.0,1.0,7.0,1.0,7.0,1.0,7.0,1.0,7.0,0.0,7.0,1.0,7.0,7.0
1162,1162,1162,1162,,1,68,6.0,0.0,6.0,0.0,6.0,0.0,6.0,0.0,6.0,0.0,6.0,0.0,6.0,6.0
1163,1163,1163,1163,,13,35,5.0,1.0,5.0,1.0,5.0,1.0,5.0,1.0,5.0,1.0,5.0,1.0,5.0,6.0
1164,1164,1164,1164,,44,153,6.0,1.0,6.0,1.0,6.0,1.0,6.0,2.0,6.0,1.0,6.0,1.0,6.0,6.0
1165,1165,1165,1165,,98,60,7.0,1.0,7.0,1.0,7.0,2.0,7.0,3.0,7.0,1.0,7.0,5.0,7.0,8.0
1166,1166,1166,1166,,56,345,6.0,1.0,6.0,1.0,6.0,2.0,6.0,3.0,6.0,1.0,6.0,2.0,6.0,6.0
1167,1167,1167,1167,,27,387,7.0,0.0,7.0,0.0,7.0,1.0,7.0,1.0,7.0,0.0,7.0,0.0,7.0,7.0
1168,1168,1168,1168,,35,49,7.0,1.0,7.0,1.0,7.0,1.0,7.0,1.0,7.0,1.0,7.0,1.0,7.0,7.0
1169,1169,1169,1169,,48,389,7.0,1.0,7.0,1.0,7.0,1.0,7.0,2.0,7.0,1.0,7.0,1.0,7.0,7.0
1170,1170,1170,1170,,19,360,7.0,1.0,7.0,1.0,7.0,1.0,7.0,1.0,7.0,2.0,7.0,1.0,7.0,7.0
1171,1171,1171,1171,,23,270,5.0,1.0,5.0,1.0,5.0,1.0,5.0,2.0,5.0,0.0,5.0,1.0,5.0,6.0
1172,1172,1172,1172,,4,16,7.0,1.0,7.0,0.0,7.0,1.0,7.0,5.0,7.0,2.0,7.0,1.0,7.0,7.0
1173,1173,1173,1173,,25,217,7.0,1.0,7.0,1.0,7.0,1.0,7.0,2.0,7.0,1.0,7.0,2.0,7.0,7.0
1174,1174,1174,1174,,27,42,6.0,1.0,6.0,1.0,6.0,1.0,6.0,2.0,6.0,0.0,6.0,1.0,6.0,7.0
1175,1175,1175,1175,,7,16,7.0,2.0,7.0,0.0,7.0,1.0,7.0,1.0,7.0,1.0,7.0,1.0,7.0,8.0
1176,1176,1176,1176,,17,270,7.0,1.0,7.0,1.0,7.0,1.0,7.0,2.0,7.0,1.0,7.0,2.0,7.0,7.0
1177,1177,1177,1177,,131,35,7.0,1.0,7.0,1.0,7.0,1.0,7.0,2.0,7.0,1.0,7.0,1.0,7.0,8.0
1178,1178,1178,1178,,15,217,6.0,1.0,6.0,1.0,6.0,2.0,6.0,2.0,6.0,0.0,6.0,1.0,6.0,6.0
1179,1179,1179,1179,,21,270,7.0,1.0,7.0,1.0,7.0,1.0,7.0,1.0,7.0,1.0,7.0,1.0,7.0,7.0
1180,1180,1180,1180,,11,270,6.0,1.0,6.0,1.0,6.0,1.0,6.0,2.0,6.0,0.0,6.0,1.0,6.0,6.0
1181,1181,1181,1181,,78,60,8.0,1.0,8.0,1.0,8.0,1.0,8.0,2.0,8.0,1.0,8.0,2.0,8.0,8.0
1182,1182,1182,1182,,39,42,5.0,1.0,5.0,2.0,5.0,1.0,5.0,1.0,5.0,1.0,5.0,1.0,5.0,6.0
1183,1183,1183,1183,,43,369,6.0,1.0,6.0,1.0,6.0,2.0,6.0,3.0,6.0,1.0,6.0,9.0,7.0,7.0
1184,1184,1184,1184,,22,218,6.0,0.0,6.0,1.0,6.0,1.0,6.0,1.0,6.0,0.0,6.0,0.0,6.0,6.0
1185,1185,1185,1185,,1,218,6.0,0.0,6.0,0.0,6.0,0.0,6.0,0.0,6.0,0.0,6.0,0.0,6.0,6.0
1186,1186,1186,1186,,3,218,5.0,0.0,5.0,0.0,5.0,0.0,5.0,1.0,5.0,0.0,5.0,0.0,5.0,5.0
1187,1187,1187,1187,,95,60,7.0,1.0,7.0,1.0,7.0,1.0,7.0,2.0,7.0,1.0,7.0,2.0,7.0,7.0
1188,1188,1188,1188,,12,142,6.0,1.0,6.0,1.0,6.0,1.0,6.0,1.0,6.0,0.0,6.0,1.0,6.0,7.0
1189,1189,1189,1189,,19,345,6.0,1.0,6.0,1.0,6.0,1.0,6.0,2.0,6.0,1.0,6.0,1.0,6.0,6.0
1190,1190,1190,1190,,10,360,6.0,1.0,6.0,0.0,6.0,1.0,6.0,1.0,6.0,1.0,6.0,1.0,6.0,6.0
1191,1191,1191,1191,,54,272,6.0,1.0,6.0,1.0,6.0,1.0,6.0,1.0,6.0,1.0,6.0,2.0,6.0,6.0
1192,1192,1192,1192,,28,142,5.0,1.0,5.0,1.0,5.0,1.0,5.0,1.0,5.0,1.0,5.0,1.0,5.0,6.0
1193,1193,1193,1193,,0,61,7.0,0.0,7.0,0.0,7.0,0.0,7.0,0.0,7.0,0.0,7.0,0.0,7.0,8.0
1194,1194,1194,1194,,13,49,7.0,1.0,7.0,0.0,7.0,1.0,7.0,1.0,7.0,1.0,7.0,1.0,7.0,7.0
1195,1195,1195,1195,,32,142,7.0,2.0,7.0,1.0,7.0,2.0,7.0,3.0,7.0,1.0,7.0,2.0,7.0,7.0
1196,1196,1196,1196,,16,16,8.0,5.0,8.0,1.0,8.0,1.0,8.0,2.0,8.0,1.0,8.0,1.0,8.0,8.0
1197,1197,1197,1197,,16,42,6.0,1.0,6.0,1.0,6.0,1.0,6.0,1.0,6.0,0.0,6.0,1.0,6.0,6.0
1198,1198,1198,1198,,0,62,6.0,0.0,6.0,0.0,6.0,0.0,6.0,0.0,6.0,0.0,6.0,0.0,6.0,6.0
1199,1199,1199,1199,,49,60,7.0,1.0,7.0,1.0,7.0,1.0,7.0,2.0,7.0,1.0,7.0,2.0,7.0,8.0
1200,1200,1200,1200,,24,387,6.0,0.0,6.0,0.0,6.0,0.0,6.0,0.0,6.0,0.0,6.0,0.0,6.0,7.0
1201,1201,1201,1201,,41,270,6.0,1.0,6.0,1.0,6.0,1.0,6.0,2.0,6.0,1.0,6.0,1.0,6.0,7.0
1202,1202,1202,1202,,28,387,6.0,1.0,6.0,0.0,6.0,1.0,6.0,1.0,6.0,1.0,6.0,1.0,6.0,6.0
1203,1203,1203,1203,,18,92,6.0,1.0,6.0,1.0,6.0,1.0,6.0,1.0,6.0,1.0,6.0,1.0,6.0,7.0
1204,1204,1204,1204,,78,142,7.0,1.0,7.0,1.0,7.0,1.0,7.0,2.0,7.0,1.0,7.0,2.0,7.0,7.0
1205,1205,1205,1205,,25,369,6.0,1.0,6.0,1.0,6.0,1.0,6.0,1.0,6.0,0.0,6.0,1.0,6.0,7.0
1206,1206,1206,1206,,1,63,7.0,0.0,7.0,0.0,7.0,0.0,7.0,0.0,7.0,0.0,7.0,0.0,7.0,7.0
1207,1207,1207,1207,,22,166,6.0,1.0,6.0,1.0,6.0,1.0,6.0,2.0,6.0,1.0,6.0,1.0,6.0,6.0
1208,1208,1208,1208,,39,142,7.0,1.0,7.0,1.0,7.0,1.0,7.0,4.0,7.0,1.0,7.0,1.0,7.0,7.0
1209,1209,1209,1209,,33,387,7.0,0.0,7.0,0.0,7.0,0.0,7.0,1.0,7.0,0.0,7.0,0.0,7.0,7.0
1210,1210,1210,1210,,33,142,6.0,2.0,6.0,1.0,6.0,1.0,6.0,2.0,6.0,1.0,6.0,2.0,6.0,6.0
1211,1211,1211,1211,,81,60,7.0,1.0,7.0,1.0,7.0,2.0,7.0,2.0,7.0,1.0,7.0,3.0,7.0,7.0
1212,1212,1212,1212,,55,272,6.0,1.0,6.0,1.0,6.0,1.0,6.0,1.0,6.0,1.0,6.0,2.0,6.0,7.0
1213,1213,1213,1213,,24,217,5.0,1.0,5.0,2.0,5.0,5.0,5.0,3.0,5.0,1.0,5.0,3.0,5.0,5.0
1214,1214,1214,1214,,42,369,5.0,1.0,5.0,1.0,5.0,2.0,5.0,3.0,5.0,1.0,5.0,9.0,7.0,6.0
1215,1215,1215,1215,,8,360,6.0,1.0,6.0,0.0,6.0,1.0,6.0,1.0,6.0,1.0,6.0,1.0,6.0,6.0
1216,1216,1216,1216,,50,142,6.0,1.0,6.0,1.0,6.0,1.0,6.0,3.0,6.0,1.0,6.0,2.0,6.0,6.0
1217,1217,1217,1217,,40,375,7.0,1.0,7.0,1.0,7.0,1.0,7.0,3.0,7.0,1.0,7.0,1.0,7.0,7.0
1218,1218,1218,1218,,23,92,5.0,1.0,5.0,1.0,5.0,1.0,5.0,2.0,5.0,1.0,5.0,2.0,5.0,6.0
1219,1219,1219,1219,,16,153,6.0,1.0,6.0,1.0,6.0,1.0,6.0,1.0,6.0,0.0,6.0,1.0,6.0,6.0
1220,1220,1220,1220,,30,218,6.0,1.0,6.0,1.0,6.0,1.0,6.0,2.0,6.0,1.0,6.0,1.0,6.0,6.0
1221,1221,1221,1221,,20,60,7.0,1.0,7.0,1.0,7.0,1.0,7.0,1.0,7.0,0.0,7.0,1.0,7.0,7.0
1222,1222,1222,1222,,41,218,5.0,1.0,5.0,1.0,5.0,1.0,5.0,2.0,5.0,1.0,5.0,1.0,5.0,6.0
1223,1223,1223,1223,,6,270,5.0,1.0,5.0,0.0,5.0,0.0,5.0,4.0,5.0,0.0,5.0,0.0,5.0,5.0
1224,1224,1224,1224,,23,217,6.0,1.0,6.0,2.0,6.0,5.0,6.0,3.0,6.0,1.0,6.0,3.0,6.0,6.0
1225,1225,1225,1225,,16,34,5.0,0.0,5.0,2.0,5.0,1.0,5.0,1.0,5.0,0.0,5.0,0.0,5.0,6.0
1226,1226,1226,1226,,0,64,7.0,0.0,7.0,0.0,7.0,0.0,7.0,0.0,7.0,0.0,7.0,0.0,7.0,7.0
1227,1227,1227,1227,,24,270,6.0,1.0,6.0,1.0,6.0,1.0,6.0,2.0,6.0,0.0,6.0,1.0,6.0,6.0
1228,1228,1228,1228,,63,345,6.0,1.0,6.0,1.0,6.0,1.0,6.0,3.0,6.0,1.0,6.0,2.0,6.0,6.0
1229,1229,1229,1229,,5,388,6.0,0.0,6.0,0.0,6.0,0.0,6.0,0.0,6.0,0.0,6.0,0.0,6.0,6.0
1230,1230,1230,1230,,1,297,5.0,0.0,5.0,0.0,5.0,0.0,5.0,0.0,5.0,0.0,5.0,0.0,5.0,7.0
1231,1231,1231,1231,,28,49,7.0,1.0,7.0,0.0,7.0,1.0,7.0,1.0,7.0,0.0,7.0,1.0,7.0,7.0
1232,1232,1232,1232,,1,272,6.0,0.0,6.0,0.0,6.0,0.0,6.0,0.0,6.0,0.0,6.0,0.0,6.0,6.0
1233,1233,1233,1233,,23,166,6.0,1.0,6.0,1.0,6.0,1.0,6.0,1.0,6.0,0.0,6.0,1.0,6.0,7.0
1234,1234,1234,1234,,1,375,6.0,0.0,6.0,0.0,6.0,0.0,6.0,0.0,6.0,0.0,6.0,0.0,6.0,6.0
1235,1235,1235,1235,,14,60,7.0,1.0,7.0,1.0,7.0,1.0,7.0,2.0,7.0,1.0,7.0,2.0,7.0,7.0
1236,1236,1236,1236,,37,42,5.0,1.0,5.0,6.0,6.0,1.0,6.0,2.0,6.0,1.0,6.0,2.0,6.0,5.0
1237,1237,1237,1237,,11,270,5.0,0.0,5.0,0.0,5.0,0.0,5.0,1.0,5.0,0.0,5.0,0.0,5.0,5.0
1238,1238,1238,1238,,11,372,5.0,1.0,5.0,0.0,5.0,1.0,5.0,2.0,5.0,0.0,5.0,2.0,5.0,5.0
1239,1239,1239,1239,,22,375,5.0,1.0,5.0,1.0,5.0,1.0,5.0,1.0,5.0,0.0,5.0,1.0,5.0,7.0
1240,1240,1240,1240,,17,49,6.0,1.0,6.0,0.0,6.0,1.0,6.0,1.0,6.0,1.0,6.0,1.0,6.0,7.0
1241,1241,1241,1241,,28,42,6.0,1.0,6.0,8.0,7.0,1.0,7.0,2.0,7.0,1.0,7.0,1.0,7.0,7.0
1242,1242,1242,1242,,19,166,5.0,1.0,5.0,1.0,5.0,1.0,5.0,1.0,5.0,1.0,5.0,2.0,5.0,6.0
1243,1243,1243,1243,,24,387,7.0,1.0,7.0,0.0,7.0,1.0,7.0,1.0,7.0,0.0,7.0,1.0,7.0,7.0
1244,1244,1244,1244,,62,16,6.0,4.0,6.0,1.0,6.0,1.0,6.0,4.0,6.0,1.0,6.0,1.0,6.0,6.0
1245,1245,1245,1245,,2,153,7.0,0.0,7.0,0.0,7.0,0.0,7.0,0.0,7.0,0.0,7.0,0.0,7.0,7.0
1246,1246,1246,1246,,17,375,7.0,1.0,7.0,1.0,7.0,2.0,7.0,3.0,7.0,0.0,7.0,3.0,7.0,7.0
1247,1247,1247,1247,,1,92,6.0,0.0,6.0,0.0,6.0,0.0,6.0,0.0,6.0,0.0,6.0,0.0,6.0,6.0
1248,1248,1248,1248,,2,286,6.0,0.0,6.0,0.0,6.0,0.0,6.0,0.0,6.0,0.0,6.0,0.0,6.0,6.0
1249,1249,1249,1249,,80,16,5.0,2.0,5.0,1.0,5.0,1.0,5.0,3.0,5.0,1.0,5.0,1.0,5.0,6.0
1250,1250,1250,1250,,47,272,6.0,1.0,6.0,1.0,6.0,1.0,6.0,1.0,6.0,0.0,6.0,1.0,6.0,6.0
1251,1251,1251,1251,,6,272,5.0,1.0,5.0,0.0,5.0,0.0,5.0,3.0,5.0,0.0,5.0,0.0,5.0,5.0
1252,1252,1252,1252,,22,387,7.0,0.0,7.0,0.0,7.0,0.0,7.0,0.0,7.0,0.0,7.0,0.0,7.0,7.0
1253,1253,1253,1253,,10,272,6.0,1.0,6.0,1.0,6.0,1.0,6.0,1.0,6.0,0.0,6.0,1.0,6.0,7.0
1254,1254,1254,1254,,0,65,5.0,0.0,5.0,0.0,5.0,0.0,5.0,0.0,5.0,0.0,5.0,0.0,5.0,6.0
1255,1255,1255,1255,,4,217,7.0,0.0,7.0,0.0,7.0,1.0,7.0,1.0,7.0,0.0,7.0,1.0,7.0,7.0
1256,1256,1256,1256,,4,360,4.0,0.0,4.0,0.0,4.0,0.0,4.0,0.0,4.0,1.0,4.0,0.0,4.0,6.0
1257,1257,1257,1257,,0,66,8.0,0.0,8.0,0.0,8.0,0.0,8.0,0.0,8.0,0.0,8.0,0.0,8.0,8.0
1258,1258,1258,1258,,3,67,6.0,0.0,6.0,0.0,6.0,0.0,6.0,0.0,6.0,0.0,6.0,0.0,6.0,6.0
1259,1259,1259,1259,,16,799,6.0,0.0,6.0,0.0,6.0,0.0,6.0,1.0,6.0,0.0,6.0,0.0,6.0,6.0
1260,1260,1260,1260,,5,153,8.0,0.0,8.0,0.0,8.0,0.0,8.0,0.0,8.0,0.0,8.0,0.0,8.0,8.0
1261,1261,1261,1261,,16,42,6.0,0.0,6.0,1.0,6.0,1.0,6.0,1.0,6.0,0.0,6.0,1.0,6.0,6.0
1262,1262,1262,1262,,49,16,6.0,2.0,6.0,1.0,6.0,1.0,6.0,8.0,7.0,1.0,7.0,2.0,7.0,6.0
1263,1263,1263,1263,,1,68,7.0,0.0,7.0,0.0,7.0,0.0,7.0,0.0,7.0,0.0,7.0,0.0,7.0,7.0
1264,1264,1264,1264,,15,387,6.0,0.0,6.0,0.0,6.0,0.0,6.0,1.0,6.0,0.0,6.0,0.0,6.0,6.0
1265,1265,1265,1265,,15,375,3.0,1.0,3.0,1.0,3.0,1.0,3.0,1.0,3.0,0.0,3.0,1.0,3.0,4.0
1266,1266,1266,1266,,3,345,6.0,0.0,6.0,0.0,6.0,0.0,6.0,0.0,6.0,0.0,6.0,0.0,6.0,7.0
1267,1267,1267,1267,,3,42,6.0,0.0,6.0,0.0,6.0,0.0,6.0,0.0,6.0,0.0,6.0,0.0,6.0,7.0
1268,1268,1268,1268,,4,397,6.0,0.0,6.0,0.0,6.0,0.0,6.0,0.0,6.0,0.0,6.0,0.0,6.0,7.0
1269,1269,1269,1269,,2,166,5.0,0.0,5.0,0.0,5.0,0.0,5.0,0.0,5.0,0.0,5.0,0.0,5.0,7.0
1270,1270,1270,1270,,10,142,4.0,1.0,4.0,1.0,4.0,1.0,4.0,1.0,4.0,0.0,4.0,1.0,4.0,6.0
1271,1271,1271,1271,,9,388,7.0,0.0,7.0,0.0,7.0,0.0,7.0,1.0,7.0,0.0,7.0,0.0,7.0,7.0
1272,1272,1272,1272,,32,389,6.0,1.0,6.0,1.0,6.0,1.0,6.0,2.0,6.0,0.0,6.0,1.0,6.0,7.0
1273,1273,1273,1273,,10,375,5.0,1.0,5.0,1.0,5.0,1.0,5.0,1.0,5.0,0.0,5.0,1.0,5.0,6.0
1274,1274,1274,1274,,45,16,5.0,3.0,5.0,1.0,5.0,1.0,5.0,8.0,7.0,1.0,7.0,2.0,7.0,6.0
1275,1275,1275,1275,,6,49,7.0,0.0,7.0,0.0,7.0,0.0,7.0,0.0,7.0,0.0,7.0,0.0,7.0,7.0
1276,1276,1276,1276,,43,270,6.0,1.0,6.0,1.0,6.0,1.0,6.0,2.0,6.0,1.0,6.0,1.0,6.0,6.0
1277,1277,1277,1277,,4,92,5.0,0.0,5.0,0.0,5.0,0.0,5.0,0.0,5.0,1.0,5.0,0.0,5.0,7.0
1278,1278,1278,1278,,48,153,6.0,1.0,6.0,1.0,6.0,1.0,6.0,2.0,6.0,1.0,6.0,1.0,6.0,7.0
1279,1279,1279,1279,,8,389,5.0,0.0,5.0,1.0,5.0,1.0,5.0,2.0,5.0,0.0,5.0,1.0,5.0,6.0
1280,1280,1280,1280,,15,270,7.0,1.0,7.0,1.0,7.0,1.0,7.0,1.0,7.0,1.0,7.0,1.0,7.0,7.0
1281,1281,1281,1281,,4,369,6.0,0.0,6.0,0.0,6.0,0.0,6.0,0.0,6.0,0.0,6.0,0.0,6.0,7.0
1282,1282,1282,1282,,0,69,7.0,0.0,7.0,0.0,7.0,0.0,7.0,0.0,7.0,0.0,7.0,0.0,7.0,8.0
1283,1283,1283,1283,,16,375,7.0,1.0,7.0,0.0,7.0,1.0,7.0,2.0,7.0,0.0,7.0,1.0,7.0,7.0
1284,1284,1284,1284,,3,217,6.0,1.0,6.0,0.0,6.0,0.0,6.0,1.0,6.0,0.0,6.0,0.0,6.0,7.0
1285,1285,1285,1285,,0,70,4.0,0.0,4.0,0.0,4.0,0.0,4.0,0.0,4.0,0.0,4.0,0.0,4.0,6.0
1286,1286,1286,1286,,37,153,7.0,1.0,7.0,1.0,7.0,1.0,7.0,2.0,7.0,1.0,7.0,1.0,7.0,8.0
1287,1287,1287,1287,,2,16,7.0,3.0,7.0,0.0,7.0,0.0,7.0,3.0,7.0,0.0,7.0,0.0,7.0,7.0
1288,1288,1288,1288,,0,71,6.0,0.0,6.0,0.0,6.0,0.0,6.0,0.0,6.0,0.0,6.0,0.0,6.0,7.0
1289,1289,1289,1289,,32,142,7.0,1.0,7.0,1.0,7.0,1.0,7.0,1.0,7.0,1.0,7.0,1.0,7.0,7.0
1290,1290,1290,1290,,0,72,8.0,0.0,8.0,0.0,8.0,0.0,8.0,0.0,8.0,0.0,8.0,0.0,8.0,8.0
1291,1291,1291,1291,,43,218,7.0,1.0,7.0,1.0,7.0,1.0,7.0,2.0,7.0,1.0,7.0,1.0,7.0,7.0
1292,1292,1292,1292,,13,389,6.0,1.0,6.0,1.0,6.0,1.0,6.0,1.0,6.0,0.0,6.0,1.0,6.0,6.0
1293,1293,1293,1293,,16,217,7.0,1.0,7.0,2.0,7.0,3.0,7.0,3.0,7.0,1.0,7.0,2.0,7.0,7.0
1294,1294,1294,1294,,5,217,7.0,1.0,7.0,1.0,7.0,10.0,9.0,2.0,9.0,0.0,9.0,4.0,9.0,8.0
1295,1295,1295,1295,,21,272,5.0,1.0,5.0,0.0,5.0,1.0,5.0,1.0,5.0,0.0,5.0,1.0,5.0,5.0
1296,1296,1296,1296,,5,387,5.0,0.0,5.0,0.0,5.0,0.0,5.0,0.0,5.0,0.0,5.0,0.0,5.0,6.0
1297,1297,1297,1297,,31,16,6.0,2.0,6.0,1.0,6.0,1.0,6.0,2.0,6.0,1.0,6.0,1.0,6.0,6.0
1298,1298,1298,1298,,8,16,7.0,3.0,7.0,0.0,7.0,1.0,7.0,6.0,7.0,1.0,7.0,1.0,7.0,8.0
1299,1299,1299,1299,,33,49,6.0,1.0,6.0,1.0,6.0,1.0,6.0,1.0,6.0,0.0,6.0,1.0,6.0,6.0
1300,1300,1300,1300,,2,156,6.0,0.0,6.0,0.0,6.0,0.0,6.0,0.0,6.0,0.0,6.0,0.0,6.0,7.0
1301,1301,1301,1301,,1,270,6.0,0.0,6.0,0.0,6.0,0.0,6.0,0.0,6.0,0.0,6.0,0.0,6.0,6.0
1302,1302,1302,1302,,102,35,5.0,1.0,5.0,1.0,5.0,1.0,5.0,2.0,5.0,1.0,5.0,1.0,5.0,7.0
1303,1303,1303,1303,,3,42,6.0,0.0,6.0,0.0,6.0,1.0,6.0,1.0,6.0,0.0,6.0,0.0,6.0,7.0
1304,1304,1304,1304,,5,49,6.0,0.0,6.0,0.0,6.0,0.0,6.0,0.0,6.0,0.0,6.0,0.0,6.0,7.0
1305,1305,1305,1305,,63,360,7.0,2.0,7.0,1.0,7.0,1.0,7.0,2.0,7.0,5.0,7.0,1.0,7.0,7.0
1306,1306,1306,1306,,0,73,7.0,0.0,7.0,0.0,7.0,0.0,7.0,0.0,7.0,0.0,7.0,0.0,7.0,8.0
1307,1307,1307,1307,,32,42,7.0,1.0,7.0,7.0,7.0,1.0,7.0,2.0,7.0,1.0,7.0,1.0,7.0,7.0
1308,1308,1308,1308,,13,375,6.0,1.0,6.0,1.0,6.0,2.0,6.0,2.0,6.0,1.0,6.0,1.0,6.0,6.0
1309,1309,1309,1309,,44,270,6.0,1.0,6.0,1.0,6.0,1.0,6.0,2.0,6.0,1.0,6.0,1.0,6.0,6.0
1310,1310,1310,1310,,36,166,5.0,2.0,5.0,1.0,5.0,1.0,5.0,2.0,5.0,1.0,5.0,1.0,5.0,6.0
1311,1311,1311,1311,,48,153,6.0,1.0,6.0,1.0,6.0,1.0,6.0,2.0,6.0,1.0,6.0,1.0,6.0,6.0
1312,1312,1312,1312,,35,42,6.0,1.0,6.0,2.0,6.0,1.0,6.0,1.0,6.0,1.0,6.0,1.0,6.0,6.0
1313,1313,1313,1313,,8,49,6.0,0.0,6.0,0.0,6.0,0.0,6.0,0.0,6.0,0.0,6.0,0.0,6.0,7.0
1314,1314,1314,1314,,54,217,6.0,1.0,6.0,2.0,6.0,3.0,6.0,3.0,6.0,1.0,6.0,2.0,6.0,6.0
1315,1315,1315,1315,,43,16,6.0,2.0,6.0,1.0,6.0,1.0,6.0,2.0,6.0,1.0,6.0,1.0,6.0,6.0
1316,1316,1316,1316,,1,97,7.0,0.0,7.0,0.0,7.0,0.0,7.0,0.0,7.0,0.0,7.0,0.0,7.0,7.0
1317,1317,1317,1317,,18,16,6.0,3.0,6.0,0.0,6.0,1.0,6.0,2.0,6.0,1.0,6.0,1.0,6.0,7.0
1318,1318,1318,1318,,26,799,8.0,0.0,8.0,0.0,8.0,0.0,8.0,0.0,8.0,0.0,8.0,0.0,8.0,8.0
1319,1319,1319,1319,,38,142,6.0,1.0,6.0,1.0,6.0,1.0,6.0,1.0,6.0,1.0,6.0,1.0,6.0,6.0
1320,1320,1320,1320,,1,431,6.0,0.0,6.0,0.0,6.0,0.0,6.0,0.0,6.0,0.0,6.0,0.0,6.0,7.0
1321,1321,1321,1321,,3,125,5.0,0.0,5.0,0.0,5.0,0.0,5.0,0.0,5.0,0.0,5.0,0.0,5.0,7.0
1322,1322,1322,1322,,5,375,6.0,2.0,6.0,0.0,6.0,1.0,6.0,1.0,6.0,0.0,6.0,1.0,6.0,7.0
1323,1323,1323,1323,,6,217,7.0,0.0,7.0,0.0,7.0,1.0,7.0,1.0,7.0,0.0,7.0,1.0,7.0,7.0
1324,1324,1324,1324,,2,16,4.0,0.0,4.0,0.0,4.0,0.0,4.0,0.0,4.0,0.0,4.0,0.0,4.0,6.0
1325,1325,1325,1325,,0,74,7.0,0.0,7.0,0.0,7.0,0.0,7.0,0.0,7.0,0.0,7.0,0.0,7.0,7.0
1326,1326,1326,1326,,16,92,6.0,1.0,6.0,1.0,6.0,3.0,6.0,3.0,6.0,1.0,6.0,3.0,6.0,7.0
1327,1327,1327,1327,,7,217,7.0,0.0,7.0,0.0,7.0,0.0,7.0,1.0,7.0,0.0,7.0,0.0,7.0,7.0
1328,1328,1328,1328,,68,16,7.0,2.0,7.0,1.0,7.0,1.0,7.0,3.0,7.0,1.0,7.0,1.0,7.0,7.0
1329,1329,1329,1329,,1,389,6.0,0.0,6.0,0.0,6.0,0.0,6.0,0.0,6.0,0.0,6.0,0.0,6.0,6.0
1330,1330,1330,1330,,38,375,7.0,1.0,7.0,1.0,7.0,1.0,7.0,2.0,7.0,1.0,7.0,1.0,7.0,7.0
1331,1331,1331,1331,,16,375,6.0,1.0,6.0,1.0,6.0,2.0,6.0,3.0,6.0,0.0,6.0,3.0,6.0,7.0
1332,1332,1332,1332,,78,16,8.0,3.0,8.0,1.0,8.0,1.0,8.0,3.0,8.0,1.0,8.0,1.0,8.0,8.0
1333,1333,1333,1333,,22,217,8.0,1.0,8.0,1.0,8.0,1.0,8.0,2.0,8.0,0.0,8.0,1.0,8.0,8.0
1334,1334,1334,1334,,12,35,5.0,1.0,5.0,0.0,5.0,1.0,5.0,1.0,5.0,0.0,5.0,1.0,5.0,7.0
1335,1335,1335,1335,,24,218,6.0,1.0,6.0,1.0,6.0,2.0,6.0,2.0,6.0,1.0,6.0,1.0,6.0,6.0
1336,1336,1336,1336,,36,389,7.0,1.0,7.0,1.0,7.0,1.0,7.0,2.0,7.0,0.0,7.0,1.0,7.0,7.0
1337,1337,1337,1337,,2,375,6.0,0.0,6.0,0.0,6.0,0.0,6.0,0.0,6.0,0.0,6.0,0.0,6.0,7.0
1338,1338,1338,1338,,29,218,7.0,1.0,7.0,1.0,7.0,1.0,7.0,3.0,7.0,0.0,7.0,1.0,7.0,7.0
1339,1339,1339,1339,,22,369,6.0,1.0,6.0,1.0,6.0,1.0,6.0,1.0,6.0,0.0,6.0,1.0,6.0,7.0
1340,1340,1340,1340,,18,217,7.0,1.0,7.0,1.0,7.0,1.0,7.0,1.0,7.0,0.0,7.0,1.0,7.0,7.0
1341,1341,1341,1341,,0,75,5.0,0.0,5.0,0.0,5.0,0.0,5.0,0.0,5.0,0.0,5.0,0.0,5.0,6.0
1342,1342,1342,1342,,21,34,7.0,0.0,7.0,1.0,7.0,1.0,7.0,1.0,7.0,0.0,7.0,1.0,7.0,7.0
1343,1343,1343,1343,,2,92,6.0,0.0,6.0,0.0,6.0,0.0,6.0,0.0,6.0,0.0,6.0,0.0,6.0,7.0
1344,1344,1344,1344,,54,345,6.0,1.0,6.0,1.0,6.0,2.0,6.0,3.0,6.0,1.0,6.0,2.0,6.0,6.0
1345,1345,1345,1345,,20,375,7.0,1.0,7.0,0.0,7.0,1.0,7.0,1.0,7.0,0.0,7.0,1.0,7.0,7.0
1346,1346,1346,1346,,42,369,5.0,1.0,5.0,1.0,5.0,2.0,5.0,3.0,5.0,1.0,5.0,9.0,7.0,6.0
1347,1347,1347,1347,,10,375,6.0,1.0,6.0,1.0,6.0,1.0,6.0,4.0,6.0,0.0,6.0,1.0,6.0,7.0
1348,1348,1348,1348,,27,92,5.0,2.0,5.0,1.0,5.0,1.0,5.0,2.0,5.0,1.0,5.0,1.0,5.0,6.0
1349,1349,1349,1349,,9,270,6.0,0.0,6.0,0.0,6.0,0.0,6.0,0.0,6.0,0.0,6.0,0.0,6.0,6.0
1350,1350,1350,1350,,66,360,6.0,2.0,6.0,1.0,6.0,1.0,6.0,2.0,6.0,4.0,6.0,1.0,6.0,7.0
1351,1351,1351,1351,,16,375,6.0,1.0,6.0,0.0,6.0,1.0,6.0,1.0,6.0,0.0,6.0,1.0,6.0,6.0
1352,1352,1352,1352,,8,372,8.0,0.0,8.0,0.0,8.0,1.0,8.0,1.0,8.0,0.0,8.0,1.0,8.0,8.0
1353,1353,1353,1353,,13,375,5.0,1.0,5.0,1.0,5.0,1.0,5.0,1.0,5.0,0.0,5.0,1.0,5.0,5.0
1354,1354,1354,1354,,2,360,5.0,0.0,5.0,0.0,5.0,0.0,5.0,1.0,5.0,0.0,5.0,0.0,5.0,6.0
1355,1355,1355,1355,,5,217,5.0,0.0,5.0,0.0,5.0,0.0,5.0,0.0,5.0,0.0,5.0,0.0,5.0,6.0
1356,1356,1356,1356,,85,345,7.0,2.0,7.0,1.0,7.0,1.0,7.0,3.0,7.0,1.0,7.0,2.0,7.0,7.0
1357,1357,1357,1357,,0,76,7.0,0.0,7.0,0.0,7.0,0.0,7.0,0.0,7.0,0.0,7.0,0.0,7.0,7.0
1358,1358,1358,1358,,19,42,6.0,0.0,6.0,1.0,6.0,1.0,6.0,1.0,6.0,0.0,6.0,1.0,6.0,7.0
1359,1359,1359,1359,,60,217,7.0,2.0,7.0,2.0,7.0,3.0,7.0,3.0,7.0,1.0,7.0,2.0,7.0,7.0
1360,1360,1360,1360,,1,387,6.0,0.0,6.0,0.0,6.0,0.0,6.0,0.0,6.0,0.0,6.0,0.0,6.0,6.0
1361,1361,1361,1361,,35,272,6.0,1.0,6.0,1.0,6.0,1.0,6.0,1.0,6.0,0.0,6.0,1.0,6.0,7.0
1362,1362,1362,1362,,33,375,7.0,1.0,7.0,1.0,7.0,1.0,7.0,2.0,7.0,1.0,7.0,1.0,7.0,7.0
1363,1363,1363,1363,,156,35,6.0,1.0,6.0,1.0,6.0,2.0,6.0,2.0,6.0,1.0,6.0,1.0,6.0,7.0
1364,1364,1364,1364,,15,42,7.0,1.0,7.0,1.0,7.0,1.0,7.0,1.0,7.0,0.0,7.0,1.0,7.0,7.0
1365,1365,1365,1365,,12,375,7.0,1.0,7.0,0.0,7.0,1.0,7.0,1.0,7.0,0.0,7.0,1.0,7.0,7.0
1366,1366,1366,1366,,32,217,7.0,1.0,7.0,2.0,7.0,1.0,7.0,2.0,7.0,1.0,7.0,2.0,7.0,7.0
1367,1367,1367,1367,,49,272,6.0,1.0,6.0,1.0,6.0,1.0,6.0,1.0,6.0,0.0,6.0,1.0,6.0,6.0
1368,1368,1368,1368,,23,42,6.0,1.0,6.0,1.0,6.0,1.0,6.0,1.0,6.0,0.0,6.0,1.0,6.0,6.0
1369,1369,1369,1369,,77,60,7.0,1.0,7.0,1.0,7.0,1.0,7.0,2.0,7.0,1.0,7.0,2.0,7.0,7.0
1370,1370,1370,1370,,37,217,7.0,1.0,7.0,1.0,7.0,2.0,7.0,4.0,7.0,1.0,7.0,1.0,7.0,7.0
1371,1371,1371,1371,,12,92,6.0,1.0,6.0,1.0,6.0,1.0,6.0,1.0,6.0,0.0,6.0,1.0,6.0,6.0
1372,1372,1372,1372,,17,92,6.0,1.0,6.0,1.0,6.0,1.0,6.0,2.0,6.0,0.0,6.0,1.0,6.0,6.0
1373,1373,1373,1373,,69,35,7.0,1.0,7.0,1.0,7.0,1.0,7.0,2.0,7.0,1.0,7.0,1.0,7.0,7.0
1374,1374,1374,1374,,56,272,8.0,1.0,8.0,1.0,8.0,1.0,8.0,1.0,8.0,0.0,8.0,1.0,8.0,8.0
1375,1375,1375,1375,,22,92,6.0,1.0,6.0,1.0,6.0,1.0,6.0,2.0,6.0,1.0,6.0,1.0,6.0,7.0
1376,1376,1376,1376,,17,270,6.0,0.0,6.0,0.0,6.0,0.0,6.0,1.0,6.0,0.0,6.0,0.0,6.0,7.0
1377,1377,1377,1377,,34,42,6.0,1.0,6.0,7.0,6.0,1.0,6.0,2.0,6.0,1.0,6.0,1.0,6.0,6.0
1378,1378,1378,1378,,16,153,7.0,1.0,7.0,1.0,7.0,1.0,7.0,1.0,7.0,0.0,7.0,1.0,7.0,7.0
1379,1379,1379,1379,,36,35,6.0,1.0,6.0,1.0,6.0,1.0,6.0,2.0,6.0,1.0,6.0,1.0,6.0,6.0
1380,1380,1380,1380,,7,270,6.0,2.0,6.0,0.0,6.0,0.0,6.0,1.0,6.0,0.0,6.0,0.0,6.0,7.0
1381,1381,1381,1381,,7,270,7.0,2.0,7.0,0.0,7.0,0.0,7.0,1.0,7.0,0.0,7.0,0.0,7.0,7.0
1382,1382,1382,1382,,0,77,6.0,0.0,6.0,0.0,6.0,0.0,6.0,0.0,6.0,0.0,6.0,0.0,6.0,7.0
1383,1383,1383,1383,,47,60,7.0,1.0,7.0,1.0,7.0,1.0,7.0,2.0,7.0,1.0,7.0,2.0,7.0,7.0
1384,1384,1384,1384,,2,78,7.0,0.0,7.0,0.0,7.0,0.0,7.0,0.0,7.0,0.0,7.0,0.0,7.0,7.0
1385,1385,1385,1385,,39,218,6.0,1.0,6.0,2.0,6.0,1.0,6.0,2.0,6.0,1.0,6.0,1.0,6.0,6.0
1386,1386,1386,1386,,45,92,7.0,1.0,7.0,1.0,7.0,1.0,7.0,2.0,7.0,1.0,7.0,1.0,7.0,7.0
1387,1387,1387,1387,,23,668,7.0,0.0,7.0,0.0,7.0,0.0,7.0,0.0,7.0,0.0,7.0,0.0,7.0,7.0
1388,1388,1388,1388,,12,92,6.0,1.0,6.0,1.0,6.0,1.0,6.0,1.0,6.0,0.0,6.0,1.0,6.0,6.0
1389,1389,1389,1389,,4,218,5.0,0.0,5.0,0.0,5.0,0.0,5.0,0.0,5.0,0.0,5.0,0.0,5.0,6.0
1390,1390,1390,1390,,0,79,6.0,0.0,6.0,0.0,6.0,0.0,6.0,0.0,6.0,0.0,6.0,0.0,6.0,6.0
1391,1391,1391,1391,,107,345,5.0,1.0,5.0,1.0,5.0,1.0,5.0,3.0,5.0,1.0,5.0,2.0,5.0,6.0
1392,1392,1392,1392,,16,166,5.0,1.0,5.0,1.0,5.0,1.0,5.0,1.0,5.0,1.0,5.0,1.0,5.0,6.0
1393,1393,1393,1393,,12,270,6.0,1.0,6.0,1.0,6.0,2.0,6.0,2.0,6.0,0.0,6.0,2.0,6.0,6.0
1394,1394,1394,1394,,25,375,7.0,1.0,7.0,1.0,7.0,2.0,7.0,2.0,7.0,1.0,7.0,2.0,7.0,8.0
1395,1395,1395,1395,,50,153,6.0,1.0,6.0,1.0,6.0,1.0,6.0,2.0,6.0,1.0,6.0,1.0,6.0,7.0
1396,1396,1396,1396,,48,272,7.0,1.0,7.0,1.0,7.0,1.0,7.0,1.0,7.0,0.0,7.0,1.0,7.0,7.0
1397,1397,1397,1397,,31,375,6.0,1.0,6.0,1.0,6.0,1.0,6.0,1.0,6.0,1.0,6.0,1.0,6.0,6.0
1398,1398,1398,1398,,42,153,5.0,1.0,5.0,1.0,5.0,1.0,5.0,2.0,5.0,1.0,5.0,1.0,5.0,7.0
1399,1399,1399,1399,,23,270,7.0,1.0,7.0,1.0,7.0,1.0,7.0,2.0,7.0,0.0,7.0,1.0,7.0,8.0
1400,1400,1400,1400,,0,80,6.0,0.0,6.0,0.0,6.0,0.0,6.0,0.0,6.0,0.0,6.0,0.0,6.0,6.0
1401,1401,1401,1401,,0,81,6.0,0.0,6.0,0.0,6.0,0.0,6.0,0.0,6.0,0.0,6.0,0.0,6.0,6.0
1402,1402,1402,1402,,21,270,5.0,1.0,5.0,0.0,5.0,0.0,5.0,1.0,5.0,0.0,5.0,1.0,5.0,6.0
1403,1403,1403,1403,,2,16,7.0,0.0,7.0,0.0,7.0,0.0,7.0,0.0,7.0,0.0,7.0,0.0,7.0,7.0
1404,1404,1404,1404,,2,372,4.0,0.0,4.0,0.0,4.0,0.0,4.0,0.0,4.0,0.0,4.0,1.0,4.0,6.0
1405,1405,1405,1405,,7,49,8.0,0.0,8.0,0.0,8.0,0.0,8.0,0.0,8.0,0.0,8.0,0.0,8.0,8.0
1406,1406,1406,1406,,53,218,6.0,1.0,6.0,1.0,6.0,1.0,6.0,2.0,6.0,1.0,6.0,1.0,6.0,7.0
1407,1407,1407,1407,,76,142,6.0,2.0,6.0,1.0,6.0,1.0,6.0,3.0,6.0,1.0,6.0,2.0,6.0,6.0
1408,1408,1408,1408,,16,360,7.0,1.0,7.0,1.0,7.0,1.0,7.0,1.0,7.0,2.0,7.0,1.0,7.0,7.0
1409,1409,1409,1409,,23,142,6.0,1.0,6.0,1.0,6.0,1.0,6.0,3.0,6.0,1.0,6.0,1.0,6.0,6.0
1410,1410,1410,1410,,3,388,6.0,0.0,6.0,0.0,6.0,0.0,6.0,0.0,6.0,0.0,6.0,0.0,6.0,6.0
1411,1411,1411,1411,,55,142,5.0,1.0,5.0,1.0,5.0,1.0,5.0,3.0,5.0,1.0,5.0,2.0,5.0,6.0
1412,1412,1412,1412,,42,369,6.0,1.0,6.0,1.0,6.0,2.0,6.0,3.0,6.0,1.0,6.0,9.0,7.0,7.0
1413,1413,1413,1413,,9,217,6.0,0.0,6.0,1.0,6.0,1.0,6.0,1.0,6.0,0.0,6.0,1.0,6.0,6.0
1414,1414,1414,1414,,9,372,6.0,1.0,6.0,0.0,6.0,1.0,6.0,2.0,6.0,0.0,6.0,1.0,6.0,7.0
1415,1415,1415,1415,,0,82,6.0,0.0,6.0,0.0,6.0,0.0,6.0,0.0,6.0,0.0,6.0,0.0,6.0,6.0
1416,1416,1416,1416,,70,35,6.0,1.0,6.0,1.0,6.0,1.0,6.0,2.0,6.0,1.0,6.0,1.0,6.0,6.0
1417,1417,1417,1417,,54,270,5.0,1.0,5.0,1.0,5.0,1.0,5.0,2.0,5.0,1.0,5.0,1.0,5.0,7.0
1418,1418,1418,1418,,19,142,6.0,1.0,6.0,1.0,6.0,1.0,6.0,3.0,6.0,1.0,6.0,1.0,6.0,7.0
1419,1419,1419,1419,,6,375,6.0,0.0,6.0,0.0,6.0,0.0,6.0,1.0,6.0,0.0,6.0,1.0,6.0,6.0
1420,1420,1420,1420,,82,360,6.0,2.0,6.0,1.0,6.0,1.0,6.0,3.0,6.0,3.0,6.0,1.0,6.0,6.0
1421,1421,1421,1421,,25,42,6.0,1.0,6.0,1.0,6.0,1.0,6.0,2.0,6.0,0.0,6.0,1.0,6.0,6.0
1422,1422,1422,1422,,8,345,6.0,1.0,6.0,1.0,6.0,1.0,6.0,2.0,6.0,0.0,6.0,2.0,6.0,6.0
1423,1423,1423,1423,,64,35,6.0,1.0,6.0,1.0,6.0,1.0,6.0,2.0,6.0,1.0,6.0,1.0,6.0,6.0
1424,1424,1424,1424,,130,360,7.0,2.0,7.0,1.0,7.0,1.0,7.0,2.0,7.0,3.0,7.0,2.0,7.0,7.0
1425,1425,1425,1425,,25,369,6.0,1.0,6.0,1.0,6.0,1.0,6.0,1.0,6.0,0.0,6.0,1.0,6.0,6.0
1426,1426,1426,1426,,0,83,5.0,0.0,5.0,0.0,5.0,0.0,5.0,0.0,5.0,0.0,5.0,0.0,5.0,6.0
1427,1427,1427,1427,,33,42,7.0,1.0,7.0,7.0,7.0,1.0,7.0,2.0,7.0,1.0,7.0,1.0,7.0,7.0
1428,1428,1428,1428,,61,35,5.0,1.0,5.0,1.0,5.0,1.0,5.0,2.0,5.0,1.0,5.0,1.0,5.0,6.0
1429,1429,1429,1429,,16,375,6.0,1.0,6.0,1.0,6.0,1.0,6.0,2.0,6.0,1.0,6.0,1.0,6.0,6.0
1430,1430,1430,1430,,98,35,5.0,1.0,5.0,1.0,5.0,1.0,5.0,2.0,5.0,1.0,5.0,1.0,5.0,5.0
1431,1431,1431,1431,,4,92,6.0,1.0,6.0,0.0,6.0,1.0,6.0,1.0,6.0,2.0,6.0,1.0,6.0,6.0
1432,1432,1432,1432,,58,345,5.0,1.0,5.0,1.0,5.0,2.0,5.0,3.0,5.0,1.0,5.0,2.0,5.0,7.0
1433,1433,1433,1433,,53,60,7.0,1.0,7.0,1.0,7.0,1.0,7.0,2.0,7.0,1.0,7.0,2.0,7.0,7.0
1434,1434,1434,1434,,25,388,6.0,1.0,6.0,1.0,6.0,1.0,6.0,3.0,6.0,1.0,6.0,1.0,6.0,7.0
1435,1435,1435,1435,,32,369,6.0,1.0,6.0,1.0,6.0,1.0,6.0,2.0,6.0,1.0,6.0,1.0,6.0,6.0
1436,1436,1436,1436,,24,369,5.0,1.0,5.0,1.0,5.0,1.0,5.0,2.0,5.0,0.0,5.0,1.0,5.0,5.0
1437,1437,1437,1437,,0,84,5.0,0.0,5.0,0.0,5.0,0.0,5.0,0.0,5.0,0.0,5.0,0.0,5.0,7.0
1438,1438,1438,1438,,46,60,6.0,1.0,6.0,1.0,6.0,1.0,6.0,2.0,6.0,1.0,6.0,2.0,6.0,6.0
1439,1439,1439,1439,,8,35,6.0,1.0,6.0,0.0,6.0,1.0,6.0,1.0,6.0,0.0,6.0,1.0,6.0,7.0
1440,1440,1440,1440,,1,60,6.0,0.0,6.0,0.0,6.0,0.0,6.0,0.0,6.0,0.0,6.0,1.0,6.0,7.0
1441,1441,1441,1441,,20,218,7.0,1.0,7.0,1.0,7.0,1.0,7.0,1.0,7.0,0.0,7.0,1.0,7.0,7.0
1442,1442,1442,1442,,36,42,6.0,1.0,6.0,7.0,6.0,1.0,6.0,2.0,6.0,1.0,6.0,1.0,6.0,7.0
1443,1443,1443,1443,,28,16,6.0,2.0,6.0,1.0,6.0,1.0,6.0,2.0,6.0,1.0,6.0,1.0,6.0,7.0
1444,1444,1444,1444,,9,49,7.0,0.0,7.0,0.0,7.0,1.0,7.0,1.0,7.0,0.0,7.0,0.0,7.0,7.0
1445,1445,1445,1445,,21,142,5.0,2.0,5.0,1.0,5.0,1.0,5.0,2.0,5.0,1.0,5.0,2.0,5.0,7.0
1446,1446,1446,1446,,28,49,7.0,1.0,7.0,1.0,7.0,1.0,7.0,1.0,7.0,0.0,7.0,1.0,7.0,7.0
1447,1447,1447,1447,,0,85,5.0,0.0,5.0,0.0,5.0,0.0,5.0,0.0,5.0,0.0,5.0,0.0,5.0,6.0
1448,1448,1448,1448,,0,86,6.0,0.0,6.0,0.0,6.0,0.0,6.0,0.0,6.0,0.0,6.0,0.0,6.0,7.0
1449,1449,1449,1449,,15,375,5.0,1.0,5.0,1.0,5.0,1.0,5.0,1.0,5.0,0.0,5.0,1.0,5.0,5.0
1450,1450,1450,1450,,32,217,6.0,1.0,6.0,2.0,6.0,2.0,6.0,3.0,6.0,1.0,6.0,2.0,6.0,7.0
1451,1451,1451,1451,,58,345,5.0,1.0,5.0,1.0,5.0,2.0,5.0,3.0,5.0,1.0,5.0,2.0,5.0,5.0
1452,1452,1452,1452,,41,369,7.0,1.0,7.0,1.0,7.0,2.0,7.0,3.0,7.0,1.0,7.0,9.0,8.0,8.0
1453,1453,1453,1453,,2,142,5.0,0.0,5.0,0.0,5.0,0.0,5.0,0.0,5.0,0.0,5.0,0.0,5.0,5.0
1454,1454,1454,1454,,17,16,7.0,3.0,7.0,0.0,7.0,1.0,7.0,2.0,7.0,1.0,7.0,1.0,7.0,7.0
1455,1455,1455,1455,,76,16,7.0,3.0,7.0,1.0,7.0,1.0,7.0,3.0,7.0,1.0,7.0,1.0,7.0,7.0
1456,1456,1456,1456,,12,387,8.0,1.0,8.0,1.0,8.0,1.0,8.0,1.0,8.0,1.0,8.0,1.0,8.0,8.0
1457,1457,1457,1457,,32,16,7.0,3.0,7.0,1.0,7.0,1.0,7.0,4.0,7.0,1.0,7.0,1.0,7.0,8.0
1458,1458,1458,1458,,13,799,6.0,0.0,6.0,0.0,6.0,1.0,6.0,1.0,6.0,0.0,6.0,1.0,6.0,6.0
1459,1459,1459,1459,,0,87,7.0,0.0,7.0,0.0,7.0,0.0,7.0,0.0,7.0,0.0,7.0,0.0,7.0,8.0
1460,1460,1460,1460,,1,199,7.0,0.0,7.0,0.0,7.0,0.0,7.0,0.0,7.0,0.0,7.0,0.0,7.0,7.0
1461,1461,1461,1461,,3,360,7.0,0.0,7.0,0.0,7.0,1.0,7.0,1.0,7.0,0.0,7.0,0.0,7.0,7.0
1462,1462,1462,1462,,13,387,7.0,0.0,7.0,0.0,7.0,0.0,7.0,1.0,7.0,0.0,7.0,0.0,7.0,7.0
1463,1463,1463,1463,,7,272,6.0,0.0,6.0,0.0,6.0,0.0,6.0,0.0,6.0,2.0,6.0,0.0,6.0,7.0
1464,1464,1464,1464,,1,582,0.0,0.0,0.0,0.0,0.0,0.0,0.0,0.0,0.0,0.0,0.0,0.0,0.0,2.0
1465,1465,1465,1465,,2,42,7.0,0.0,7.0,0.0,7.0,0.0,7.0,0.0,7.0,0.0,7.0,0.0,7.0,8.0
1466,1466,1466,1466,,0,88,5.0,0.0,5.0,0.0,5.0,0.0,5.0,0.0,5.0,0.0,5.0,0.0,5.0,5.0
1467,1467,1467,1467,,35,387,7.0,1.0,7.0,0.0,7.0,1.0,7.0,1.0,7.0,0.0,7.0,1.0,7.0,7.0
1468,1468,1468,1468,,19,375,7.0,1.0,7.0,0.0,7.0,1.0,7.0,1.0,7.0,0.0,7.0,1.0,7.0,7.0
1469,1469,1469,1469,,102,16,5.0,3.0,5.0,1.0,5.0,1.0,5.0,5.0,5.0,1.0,5.0,1.0,5.0,7.0
1470,1470,1470,1470,,38,389,5.0,1.0,5.0,1.0,5.0,1.0,5.0,2.0,5.0,0.0,5.0,1.0,5.0,7.0
1471,1471,1471,1471,,4,92,8.0,0.0,8.0,0.0,8.0,0.0,8.0,1.0,8.0,0.0,8.0,0.0,8.0,8.0
1472,1472,1472,1472,,38,389,7.0,1.0,7.0,1.0,7.0,1.0,7.0,2.0,7.0,0.0,7.0,1.0,7.0,7.0
1473,1473,1473,1473,,14,42,5.0,0.0,5.0,1.0,5.0,1.0,5.0,1.0,5.0,0.0,5.0,1.0,5.0,6.0
1474,1474,1474,1474,,0,89,5.0,0.0,5.0,0.0,5.0,0.0,5.0,0.0,5.0,0.0,5.0,0.0,5.0,6.0
1475,1475,1475,1475,,3,166,5.0,0.0,5.0,0.0,5.0,0.0,5.0,0.0,5.0,0.0,5.0,0.0,5.0,6.0
1476,1476,1476,1476,,10,375,7.0,1.0,7.0,0.0,7.0,0.0,7.0,1.0,7.0,0.0,7.0,0.0,7.0,7.0
1477,1477,1477,1477,,2,799,7.0,0.0,7.0,0.0,7.0,1.0,7.0,0.0,7.0,0.0,7.0,3.0,7.0,7.0
1478,1478,1478,1478,,11,270,7.0,0.0,7.0,0.0,7.0,0.0,7.0,0.0,7.0,0.0,7.0,0.0,7.0,7.0
1479,1479,1479,1479,,53,142,5.0,1.0,5.0,1.0,5.0,1.0,5.0,2.0,5.0,1.0,5.0,2.0,5.0,7.0
1480,1480,1480,1480,,16,42,6.0,1.0,6.0,1.0,6.0,1.0,6.0,1.0,6.0,0.0,6.0,1.0,6.0,6.0
1481,1481,1481,1481,,8,375,6.0,1.0,6.0,1.0,6.0,1.0,6.0,1.0,6.0,1.0,6.0,1.0,6.0,6.0
1482,1482,1482,1482,,0,90,5.0,0.0,5.0,0.0,5.0,0.0,5.0,0.0,5.0,0.0,5.0,0.0,5.0,5.0
1483,1483,1483,1483,,5,92,7.0,0.0,7.0,0.0,7.0,0.0,7.0,1.0,7.0,0.0,7.0,0.0,7.0,7.0
1484,1484,1484,1484,,30,16,5.0,2.0,5.0,1.0,5.0,1.0,5.0,3.0,5.0,1.0,5.0,1.0,5.0,7.0
1485,1485,1485,1485,,0,91,5.0,0.0,5.0,0.0,5.0,0.0,5.0,0.0,5.0,0.0,5.0,0.0,5.0,5.0
1486,1486,1486,1486,,42,217,6.0,1.0,6.0,2.0,6.0,2.0,6.0,3.0,6.0,1.0,6.0,3.0,6.0,7.0
1487,1487,1487,1487,,30,142,7.0,1.0,7.0,1.0,7.0,1.0,7.0,1.0,7.0,1.0,7.0,1.0,7.0,7.0
1488,1488,1488,1488,,41,218,6.0,1.0,6.0,1.0,6.0,1.0,6.0,2.0,6.0,0.0,6.0,1.0,6.0,7.0
1489,1489,1489,1489,,15,375,6.0,1.0,6.0,1.0,6.0,1.0,6.0,2.0,6.0,0.0,6.0,1.0,6.0,6.0
1490,1490,1490,1490,,49,60,8.0,1.0,8.0,1.0,8.0,2.0,8.0,2.0,8.0,1.0,8.0,2.0,8.0,8.0
1491,1491,1491,1491,,20,375,6.0,1.0,6.0,1.0,6.0,1.0,6.0,2.0,6.0,0.0,6.0,1.0,6.0,7.0
1492,1492,1492,1492,,5,375,7.0,0.0,7.0,0.0,7.0,0.0,7.0,0.0,7.0,0.0,7.0,0.0,7.0,7.0
1493,1493,1493,1493,,14,345,5.0,1.0,5.0,1.0,5.0,1.0,5.0,3.0,5.0,0.0,5.0,1.0,5.0,6.0
1494,1494,1494,1494,,80,270,6.0,1.0,6.0,1.0,6.0,2.0,6.0,2.0,6.0,1.0,6.0,2.0,6.0,7.0
1495,1495,1495,1495,,12,218,6.0,2.0,6.0,1.0,6.0,1.0,6.0,3.0,6.0,1.0,6.0,3.0,6.0,6.0
1496,1496,1496,1496,,44,270,5.0,1.0,5.0,1.0,5.0,1.0,5.0,2.0,5.0,1.0,5.0,1.0,5.0,7.0
1497,1497,1497,1497,,13,272,7.0,1.0,7.0,1.0,7.0,1.0,7.0,1.0,7.0,0.0,7.0,1.0,7.0,7.0
1498,1498,1498,1498,,1,49,6.0,0.0,6.0,0.0,6.0,0.0,6.0,0.0,6.0,0.0,6.0,0.0,6.0,6.0
1499,1499,1499,1499,,20,218,7.0,1.0,7.0,1.0,7.0,1.0,7.0,1.0,7.0,0.0,7.0,1.0,7.0,7.0
1500,1500,1500,1500,,40,92,6.0,1.0,6.0,2.0,6.0,1.0,6.0,2.0,6.0,1.0,6.0,2.0,6.0,7.0
1501,1501,1501,1501,,5,372,6.0,1.0,6.0,0.0,6.0,0.0,6.0,1.0,6.0,0.0,6.0,1.0,6.0,6.0
1502,1502,1502,1502,,3,42,7.0,0.0,7.0,0.0,7.0,0.0,7.0,0.0,7.0,0.0,7.0,0.0,7.0,7.0
1503,1503,1503,1503,,2,375,6.0,0.0,6.0,0.0,6.0,0.0,6.0,0.0,6.0,0.0,6.0,0.0,6.0,7.0
1504,1504,1504,1504,,8,16,6.0,1.0,6.0,1.0,6.0,1.0,6.0,1.0,6.0,0.0,6.0,1.0,6.0,6.0
1505,1505,1505,1505,,53,42,5.0,1.0,5.0,1.0,5.0,1.0,5.0,2.0,5.0,0.0,5.0,1.0,5.0,6.0
1506,1506,1506,1506,,11,360,7.0,1.0,7.0,2.0,7.0,1.0,7.0,1.0,7.0,2.0,7.0,1.0,7.0,7.0
1507,1507,1507,1507,,75,360,7.0,2.0,7.0,1.0,7.0,1.0,7.0,2.0,7.0,4.0,7.0,2.0,7.0,8.0
1508,1508,1508,1508,,40,16,6.0,3.0,6.0,1.0,6.0,1.0,6.0,4.0,6.0,1.0,6.0,1.0,6.0,7.0
1509,1509,1509,1509,,8,153,7.0,1.0,7.0,0.0,7.0,0.0,7.0,1.0,7.0,0.0,7.0,0.0,7.0,7.0
1510,1510,1510,1510,,59,60,6.0,1.0,6.0,1.0,6.0,2.0,6.0,2.0,6.0,1.0,6.0,3.0,6.0,7.0
1511,1511,1511,1511,,40,270,6.0,1.0,6.0,1.0,6.0,1.0,6.0,2.0,6.0,1.0,6.0,1.0,6.0,7.0
1512,1512,1512,1512,,65,35,7.0,1.0,7.0,1.0,7.0,1.0,7.0,2.0,7.0,1.0,7.0,1.0,7.0,7.0
1513,1513,1513,1513,,7,217,6.0,2.0,6.0,1.0,6.0,2.0,6.0,2.0,6.0,0.0,6.0,2.0,6.0,7.0
1514,1514,1514,1514,,11,217,6.0,1.0,6.0,10.0,8.0,3.0,8.0,3.0,8.0,1.0,8.0,2.0,8.0,8.0
1515,1515,1515,1515,,85,218,6.0,1.0,6.0,1.0,6.0,1.0,6.0,2.0,6.0,1.0,6.0,1.0,6.0,7.0
1516,1516,1516,1516,,39,387,7.0,1.0,7.0,0.0,7.0,1.0,7.0,1.0,7.0,0.0,7.0,1.0,7.0,7.0
1517,1517,1517,1517,,10,142,6.0,1.0,6.0,1.0,6.0,2.0,6.0,2.0,6.0,0.0,6.0,1.0,6.0,7.0
1518,1518,1518,1518,,14,60,4.0,1.0,4.0,1.0,4.0,1.0,4.0,2.0,4.0,0.0,4.0,1.0,4.0,5.0
1519,1519,1519,1519,,12,270,5.0,0.0,5.0,1.0,5.0,0.0,5.0,0.0,5.0,0.0,5.0,0.0,5.0,6.0
1520,1520,1520,1520,,0,93,5.0,0.0,5.0,0.0,5.0,0.0,5.0,0.0,5.0,0.0,5.0,0.0,5.0,6.0
1521,1521,1521,1521,,0,94,7.0,0.0,7.0,0.0,7.0,0.0,7.0,0.0,7.0,0.0,7.0,0.0,7.0,7.0
1522,1522,1522,1522,,1,375,7.0,0.0,7.0,0.0,7.0,0.0,7.0,0.0,7.0,0.0,7.0,0.0,7.0,7.0
1523,1523,1523,1523,,9,49,6.0,1.0,6.0,0.0,6.0,1.0,6.0,1.0,6.0,1.0,6.0,1.0,6.0,6.0
1524,1524,1524,1524,,0,95,5.0,0.0,5.0,0.0,5.0,0.0,5.0,0.0,5.0,0.0,5.0,0.0,5.0,6.0
1525,1525,1525,1525,,18,387,8.0,0.0,8.0,0.0,8.0,0.0,8.0,0.0,8.0,0.0,8.0,0.0,8.0,8.0
1526,1526,1526,1526,,34,218,6.0,1.0,6.0,1.0,6.0,1.0,6.0,2.0,6.0,1.0,6.0,1.0,6.0,6.0
1527,1527,1527,1527,,27,272,7.0,1.0,7.0,1.0,7.0,1.0,7.0,1.0,7.0,0.0,7.0,1.0,7.0,7.0
1528,1528,1528,1528,,34,217,6.0,1.0,6.0,1.0,6.0,3.0,6.0,3.0,6.0,1.0,6.0,2.0,6.0,7.0
1529,1529,1529,1529,,31,387,7.0,0.0,7.0,0.0,7.0,0.0,7.0,1.0,7.0,1.0,7.0,0.0,7.0,7.0
1530,1530,1530,1530,,41,369,7.0,1.0,7.0,1.0,7.0,2.0,7.0,3.0,7.0,1.0,7.0,9.0,8.0,7.0
1531,1531,1531,1531,,23,387,6.0,0.0,6.0,0.0,6.0,0.0,6.0,0.0,6.0,0.0,6.0,0.0,6.0,7.0
1532,1532,1532,1532,,28,49,8.0,1.0,8.0,1.0,8.0,1.0,8.0,1.0,8.0,0.0,8.0,1.0,8.0,8.0
1533,1533,1533,1533,,20,218,6.0,1.0,6.0,1.0,6.0,1.0,6.0,2.0,6.0,1.0,6.0,1.0,6.0,7.0
1534,1534,1534,1534,,69,60,6.0,1.0,6.0,1.0,6.0,2.0,6.0,3.0,6.0,1.0,6.0,3.0,6.0,6.0
1535,1535,1535,1535,,31,272,7.0,1.0,7.0,1.0,7.0,1.0,7.0,1.0,7.0,0.0,7.0,1.0,7.0,7.0
1536,1536,1536,1536,,69,218,6.0,1.0,6.0,1.0,6.0,1.0,6.0,2.0,6.0,1.0,6.0,1.0,6.0,6.0
1537,1537,1537,1537,,7,60,6.0,1.0,6.0,1.0,6.0,2.0,6.0,1.0,6.0,2.0,6.0,1.0,6.0,7.0
1538,1538,1538,1538,,50,217,7.0,1.0,7.0,2.0,7.0,3.0,7.0,3.0,7.0,1.0,7.0,2.0,7.0,8.0
1539,1539,1539,1539,,31,166,6.0,1.0,6.0,2.0,6.0,1.0,6.0,2.0,6.0,1.0,6.0,1.0,6.0,6.0
1540,1540,1540,1540,,11,345,6.0,0.0,6.0,1.0,6.0,1.0,6.0,1.0,6.0,0.0,6.0,1.0,6.0,6.0
1541,1541,1541,1541,,19,92,8.0,1.0,8.0,1.0,8.0,1.0,8.0,3.0,8.0,1.0,8.0,1.0,8.0,8.0
1542,1542,1542,1542,,13,166,7.0,1.0,7.0,1.0,7.0,1.0,7.0,2.0,7.0,1.0,7.0,2.0,7.0,8.0
1543,1543,1543,1543,,0,96,7.0,0.0,7.0,0.0,7.0,0.0,7.0,0.0,7.0,0.0,7.0,0.0,7.0,7.0
1544,1544,1544,1544,,4,166,6.0,0.0,6.0,1.0,6.0,1.0,6.0,1.0,6.0,0.0,6.0,0.0,6.0,6.0
1545,1545,1545,1545,,39,16,7.0,2.0,7.0,1.0,7.0,1.0,7.0,3.0,7.0,1.0,7.0,1.0,7.0,8.0
1546,1546,1546,1546,,26,34,7.0,0.0,7.0,1.0,7.0,1.0,7.0,1.0,7.0,0.0,7.0,1.0,7.0,8.0
1547,1547,1547,1547,,1,97,7.0,0.0,7.0,0.0,7.0,0.0,7.0,0.0,7.0,0.0,7.0,0.0,7.0,7.0
1548,1548,1548,1548,,25,217,6.0,1.0,6.0,1.0,6.0,1.0,6.0,2.0,6.0,1.0,6.0,2.0,6.0,6.0
1549,1549,1549,1549,,17,270,7.0,1.0,7.0,1.0,7.0,1.0,7.0,1.0,7.0,1.0,7.0,1.0,7.0,7.0
1550,1550,1550,1550,,20,270,6.0,1.0,6.0,1.0,6.0,1.0,6.0,1.0,6.0,2.0,6.0,1.0,6.0,6.0
1551,1551,1551,1551,,46,270,7.0,1.0,7.0,1.0,7.0,1.0,7.0,2.0,7.0,1.0,7.0,1.0,7.0,7.0
1552,1552,1552,1552,,13,92,7.0,1.0,7.0,0.0,7.0,1.0,7.0,1.0,7.0,1.0,7.0,1.0,7.0,7.0
1553,1553,1553,1553,,46,35,8.0,1.0,8.0,1.0,8.0,1.0,8.0,2.0,8.0,1.0,8.0,1.0,8.0,8.0
1554,1554,1554,1554,,7,35,7.0,1.0,7.0,0.0,7.0,1.0,7.0,1.0,7.0,0.0,7.0,1.0,7.0,7.0
1555,1555,1555,1555,,4,166,7.0,2.0,7.0,0.0,7.0,0.0,7.0,1.0,7.0,0.0,7.0,0.0,7.0,7.0
1556,1556,1556,1556,,64,142,8.0,1.0,8.0,1.0,8.0,1.0,8.0,3.0,8.0,1.0,8.0,1.0,8.0,8.0
1557,1557,1557,1557,,20,142,8.0,1.0,8.0,1.0,8.0,1.0,8.0,3.0,8.0,1.0,8.0,1.0,8.0,8.0
1558,1558,1558,1558,,90,35,6.0,1.0,6.0,1.0,6.0,1.0,6.0,2.0,6.0,1.0,6.0,1.0,6.0,7.0
1559,1559,1559,1559,,45,218,8.0,1.0,8.0,1.0,8.0,1.0,8.0,2.0,8.0,0.0,8.0,1.0,8.0,8.0
1560,1560,1560,1560,,9,218,6.0,1.0,6.0,1.0,6.0,1.0,6.0,1.0,6.0,1.0,6.0,1.0,6.0,6.0
1561,1561,1561,1561,,2,11,6.0,0.0,6.0,0.0,6.0,0.0,6.0,0.0,6.0,0.0,6.0,0.0,6.0,6.0
1562,1562,1562,1562,,0,98,6.0,0.0,6.0,0.0,6.0,0.0,6.0,0.0,6.0,0.0,6.0,0.0,6.0,7.0
1563,1563,1563,1563,,65,360,6.0,2.0,6.0,1.0,6.0,1.0,6.0,2.0,6.0,4.0,6.0,1.0,6.0,6.0
1564,1564,1564,1564,,50,60,7.0,1.0,7.0,1.0,7.0,1.0,7.0,2.0,7.0,1.0,7.0,2.0,7.0,8.0
1565,1565,1565,1565,,38,218,7.0,1.0,7.0,1.0,7.0,1.0,7.0,1.0,7.0,1.0,7.0,1.0,7.0,7.0
1566,1566,1566,1566,,25,218,7.0,0.0,7.0,1.0,7.0,1.0,7.0,1.0,7.0,0.0,7.0,1.0,7.0,7.0
1567,1567,1567,1567,,7,92,6.0,0.0,6.0,1.0,6.0,0.0,6.0,1.0,6.0,0.0,6.0,0.0,6.0,7.0
1568,1568,1568,1568,,17,388,7.0,1.0,7.0,1.0,7.0,1.0,7.0,2.0,7.0,1.0,7.0,1.0,7.0,8.0
1569,1569,1569,1569,,9,345,5.0,1.0,5.0,1.0,5.0,1.0,5.0,1.0,5.0,0.0,5.0,1.0,5.0,5.0
1570,1570,1570,1570,,1,115,6.0,0.0,6.0,0.0,6.0,0.0,6.0,0.0,6.0,0.0,6.0,0.0,6.0,6.0
1571,1571,1571,1571,,19,218,6.0,1.0,6.0,3.0,6.0,1.0,6.0,2.0,6.0,1.0,6.0,1.0,6.0,6.0
1572,1572,1572,1572,,15,345,6.0,1.0,6.0,1.0,6.0,1.0,6.0,3.0,6.0,0.0,6.0,1.0,6.0,7.0
1573,1573,1573,1573,,24,375,7.0,1.0,7.0,0.0,7.0,1.0,7.0,1.0,7.0,0.0,7.0,1.0,7.0,8.0
1574,1574,1574,1574,,9,360,6.0,1.0,6.0,1.0,6.0,2.0,6.0,1.0,6.0,2.0,6.0,1.0,6.0,6.0
1575,1575,1575,1575,,8,360,6.0,0.0,6.0,0.0,6.0,1.0,6.0,1.0,6.0,1.0,6.0,2.0,6.0,6.0
1576,1576,1576,1576,,0,99,6.0,0.0,6.0,0.0,6.0,0.0,6.0,0.0,6.0,0.0,6.0,0.0,6.0,6.0
1577,1577,1577,1577,,68,345,5.0,1.0,5.0,1.0,5.0,1.0,5.0,3.0,5.0,1.0,5.0,2.0,5.0,7.0
1578,1578,1578,1578,,26,217,6.0,1.0,6.0,1.0,6.0,1.0,6.0,2.0,6.0,1.0,6.0,1.0,6.0,7.0
1579,1579,1579,1579,,22,387,7.0,0.0,7.0,0.0,7.0,0.0,7.0,0.0,7.0,0.0,7.0,0.0,7.0,8.0
1580,1580,1580,1580,,0,100,6.0,0.0,6.0,0.0,6.0,0.0,6.0,0.0,6.0,0.0,6.0,0.0,6.0,6.0
1581,1581,1581,1581,,43,142,7.0,1.0,7.0,1.0,7.0,1.0,7.0,2.0,7.0,1.0,7.0,1.0,7.0,7.0
1582,1582,1582,1582,,0,101,6.0,0.0,6.0,0.0,6.0,0.0,6.0,0.0,6.0,0.0,6.0,0.0,6.0,6.0
1583,1583,1583,1583,,45,272,6.0,1.0,6.0,1.0,6.0,1.0,6.0,1.0,6.0,0.0,6.0,1.0,6.0,6.0
1584,1584,1584,1584,,6,42,6.0,0.0,6.0,0.0,6.0,0.0,6.0,0.0,6.0,0.0,6.0,0.0,6.0,6.0
1585,1585,1585,1585,,11,16,6.0,1.0,6.0,1.0,6.0,1.0,6.0,1.0,6.0,1.0,6.0,1.0,6.0,6.0
1586,1586,1586,1586,,24,387,6.0,0.0,6.0,0.0,6.0,0.0,6.0,0.0,6.0,0.0,6.0,0.0,6.0,7.0
1587,1587,1587,1587,,1,16,7.0,1.0,7.0,0.0,7.0,0.0,7.0,5.0,7.0,0.0,7.0,0.0,7.0,8.0
1588,1588,1588,1588,,52,16,7.0,2.0,7.0,1.0,7.0,1.0,7.0,7.0,7.0,1.0,7.0,1.0,7.0,7.0
1589,1589,1589,1589,,32,389,5.0,1.0,5.0,1.0,5.0,1.0,5.0,2.0,5.0,0.0,5.0,1.0,5.0,5.0
1590,1590,1590,1590,,12,375,7.0,1.0,7.0,1.0,7.0,2.0,7.0,3.0,7.0,1.0,7.0,1.0,7.0,8.0
1591,1591,1591,1591,,9,166,7.0,0.0,7.0,1.0,7.0,1.0,7.0,1.0,7.0,0.0,7.0,1.0,7.0,7.0
1592,1592,1592,1592,,74,16,6.0,3.0,6.0,1.0,6.0,1.0,6.0,3.0,6.0,1.0,6.0,1.0,6.0,7.0
1593,1593,1593,1593,,51,270,5.0,1.0,5.0,1.0,5.0,1.0,5.0,2.0,5.0,1.0,5.0,1.0,5.0,5.0
1594,1594,1594,1594,,52,217,7.0,1.0,7.0,2.0,7.0,3.0,7.0,3.0,7.0,1.0,7.0,2.0,7.0,7.0
1595,1595,1595,1595,,36,16,7.0,3.0,7.0,1.0,7.0,1.0,7.0,3.0,7.0,1.0,7.0,1.0,7.0,7.0
1596,1596,1596,1596,,7,272,7.0,0.0,7.0,0.0,7.0,1.0,7.0,1.0,7.0,0.0,7.0,1.0,7.0,8.0
1597,1597,1597,1597,,123,35,7.0,1.0,7.0,1.0,7.0,1.0,7.0,2.0,7.0,1.0,7.0,1.0,7.0,8.0
1598,1598,1598,1598,,56,42,6.0,1.0,6.0,5.0,6.0,2.0,6.0,2.0,6.0,1.0,6.0,1.0,6.0,6.0
1599,1599,1599,1599,,6,35,7.0,0.0,7.0,0.0,7.0,0.0,7.0,0.0,7.0,0.0,7.0,0.0,7.0,8.0
1600,1600,1600,1600,,1,825,7.0,0.0,7.0,0.0,7.0,0.0,7.0,0.0,7.0,0.0,7.0,0.0,7.0,7.0
1601,1601,1601,1601,,3,92,7.0,0.0,7.0,0.0,7.0,0.0,7.0,0.0,7.0,0.0,7.0,0.0,7.0,7.0
1602,1602,1602,1602,,10,42,6.0,1.0,6.0,1.0,6.0,1.0,6.0,1.0,6.0,0.0,6.0,1.0,6.0,7.0
1603,1603,1603,1603,,7,375,7.0,0.0,7.0,0.0,7.0,0.0,7.0,1.0,7.0,0.0,7.0,0.0,7.0,7.0
1604,1604,1604,1604,,22,218,6.0,1.0,6.0,2.0,6.0,1.0,6.0,1.0,6.0,1.0,6.0,1.0,6.0,6.0
1605,1605,1605,1605,,8,16,7.0,4.0,7.0,0.0,7.0,1.0,7.0,1.0,7.0,1.0,7.0,1.0,7.0,7.0
1606,1606,1606,1606,,23,42,4.0,1.0,4.0,2.0,4.0,1.0,4.0,1.0,4.0,0.0,4.0,1.0,4.0,4.0
1607,1607,1607,1607,,51,217,7.0,1.0,7.0,2.0,7.0,3.0,7.0,3.0,7.0,1.0,7.0,2.0,7.0,8.0
1608,1608,1608,1608,,8,16,6.0,1.0,6.0,0.0,6.0,0.0,6.0,1.0,6.0,1.0,6.0,0.0,6.0,7.0
1609,1609,1609,1609,,7,270,7.0,0.0,7.0,0.0,7.0,0.0,7.0,0.0,7.0,0.0,7.0,0.0,7.0,7.0
1610,1610,1610,1610,,7,375,7.0,1.0,7.0,1.0,7.0,2.0,7.0,3.0,7.0,1.0,7.0,1.0,7.0,7.0
1611,1611,1611,1611,,1,388,4.0,0.0,4.0,0.0,4.0,0.0,4.0,0.0,4.0,0.0,4.0,0.0,4.0,6.0
1612,1612,1612,1612,,76,360,6.0,2.0,6.0,1.0,6.0,1.0,6.0,2.0,6.0,4.0,6.0,2.0,6.0,6.0
1613,1613,1613,1613,,4,42,6.0,1.0,6.0,2.0,6.0,0.0,6.0,4.0,6.0,0.0,6.0,0.0,6.0,6.0
1614,1614,1614,1614,,45,218,7.0,1.0,7.0,1.0,7.0,1.0,7.0,2.0,7.0,0.0,7.0,1.0,7.0,7.0
1615,1615,1615,1615,,53,16,7.0,2.0,7.0,1.0,7.0,1.0,7.0,2.0,7.0,1.0,7.0,1.0,7.0,7.0
1616,1616,1616,1616,,0,102,5.0,0.0,5.0,0.0,5.0,0.0,5.0,0.0,5.0,0.0,5.0,0.0,5.0,7.0
1617,1617,1617,1617,,48,217,7.0,1.0,7.0,2.0,7.0,3.0,7.0,3.0,7.0,1.0,7.0,2.0,7.0,8.0
1618,1618,1618,1618,,54,92,6.0,1.0,6.0,1.0,6.0,1.0,6.0,2.0,6.0,1.0,6.0,1.0,6.0,7.0
1619,1619,1619,1619,,0,103,6.0,0.0,6.0,0.0,6.0,0.0,6.0,0.0,6.0,0.0,6.0,0.0,6.0,6.0
1620,1620,1620,1620,,15,92,7.0,1.0,7.0,1.0,7.0,3.0,7.0,3.0,7.0,1.0,7.0,3.0,7.0,7.0
1621,1621,1621,1621,,0,104,4.0,0.0,4.0,0.0,4.0,0.0,4.0,0.0,4.0,0.0,4.0,0.0,4.0,5.0
1622,1622,1622,1622,,18,799,6.0,0.0,6.0,0.0,6.0,1.0,6.0,1.0,6.0,0.0,6.0,1.0,6.0,7.0
1623,1623,1623,1623,,30,92,6.0,1.0,6.0,1.0,6.0,1.0,6.0,2.0,6.0,1.0,6.0,1.0,6.0,7.0
1624,1624,1624,1624,,1,105,6.0,0.0,6.0,0.0,6.0,0.0,6.0,0.0,6.0,0.0,6.0,0.0,6.0,6.0
1625,1625,1625,1625,,33,42,5.0,1.0,5.0,7.0,6.0,1.0,6.0,2.0,6.0,1.0,6.0,1.0,6.0,7.0
1626,1626,1626,1626,,27,166,5.0,1.0,5.0,1.0,5.0,1.0,5.0,2.0,5.0,1.0,5.0,1.0,5.0,5.0
1627,1627,1627,1627,,1,106,6.0,0.0,6.0,0.0,6.0,0.0,6.0,0.0,6.0,0.0,6.0,0.0,6.0,6.0
1628,1628,1628,1628,,0,107,6.0,0.0,6.0,0.0,6.0,0.0,6.0,0.0,6.0,0.0,6.0,0.0,6.0,7.0
1629,1629,1629,1629,,0,108,5.0,0.0,5.0,0.0,5.0,0.0,5.0,0.0,5.0,0.0,5.0,0.0,5.0,6.0
1630,1630,1630,1630,,31,218,6.0,1.0,6.0,1.0,6.0,1.0,6.0,2.0,6.0,1.0,6.0,1.0,6.0,6.0
1631,1631,1631,1631,,63,16,5.0,2.0,5.0,1.0,5.0,1.0,5.0,6.0,6.0,1.0,6.0,2.0,6.0,6.0
1632,1632,1632,1632,,55,217,7.0,1.0,7.0,2.0,7.0,3.0,7.0,3.0,7.0,1.0,7.0,2.0,7.0,7.0
1633,1633,1633,1633,,2,153,5.0,0.0,5.0,0.0,5.0,0.0,5.0,0.0,5.0,0.0,5.0,0.0,5.0,5.0
1634,1634,1634,1634,,36,142,6.0,1.0,6.0,1.0,6.0,1.0,6.0,1.0,6.0,1.0,6.0,1.0,6.0,6.0
1635,1635,1635,1635,,45,16,6.0,3.0,6.0,1.0,6.0,1.0,6.0,4.0,6.0,1.0,6.0,1.0,6.0,7.0
1636,1636,1636,1636,,0,109,5.0,0.0,5.0,0.0,5.0,0.0,5.0,0.0,5.0,0.0,5.0,0.0,5.0,7.0
1637,1637,1637,1637,,37,142,5.0,2.0,5.0,1.0,5.0,1.0,5.0,2.0,5.0,1.0,5.0,2.0,5.0,7.0
1638,1638,1638,1638,,68,360,7.0,2.0,7.0,1.0,7.0,1.0,7.0,2.0,7.0,4.0,7.0,1.0,7.0,7.0
1639,1639,1639,1639,,21,369,6.0,1.0,6.0,1.0,6.0,1.0,6.0,1.0,6.0,0.0,6.0,1.0,6.0,6.0
1640,1640,1640,1640,,21,387,7.0,1.0,7.0,0.0,7.0,1.0,7.0,1.0,7.0,0.0,7.0,1.0,7.0,7.0
1641,1641,1641,1641,,52,270,6.0,1.0,6.0,1.0,6.0,1.0,6.0,2.0,6.0,1.0,6.0,1.0,6.0,6.0
1642,1642,1642,1642,,1,218,6.0,0.0,6.0,0.0,6.0,0.0,6.0,0.0,6.0,0.0,6.0,0.0,6.0,6.0
1643,1643,1643,1643,,34,387,5.0,1.0,5.0,0.0,5.0,1.0,5.0,1.0,5.0,0.0,5.0,1.0,5.0,5.0
1644,1644,1644,1644,,67,389,6.0,1.0,6.0,1.0,6.0,1.0,6.0,2.0,6.0,1.0,6.0,1.0,6.0,7.0
1645,1645,1645,1645,,0,110,5.0,0.0,5.0,0.0,5.0,0.0,5.0,0.0,5.0,0.0,5.0,0.0,5.0,7.0
1646,1646,1646,1646,,17,270,5.0,0.0,5.0,0.0,5.0,0.0,5.0,0.0,5.0,0.0,5.0,0.0,5.0,5.0
1647,1647,1647,1647,,15,49,7.0,1.0,7.0,1.0,7.0,1.0,7.0,1.0,7.0,0.0,7.0,1.0,7.0,7.0
1648,1648,1648,1648,,8,92,6.0,1.0,6.0,1.0,6.0,1.0,6.0,1.0,6.0,0.0,6.0,1.0,6.0,6.0
1649,1649,1649,1649,,88,60,6.0,1.0,6.0,1.0,6.0,1.0,6.0,2.0,6.0,1.0,6.0,2.0,6.0,7.0
1650,1650,1650,1650,,18,375,4.0,1.0,4.0,1.0,4.0,1.0,4.0,2.0,4.0,0.0,4.0,1.0,4.0,6.0
1651,1651,1651,1651,,17,372,5.0,2.0,5.0,1.0,5.0,1.0,5.0,1.0,5.0,1.0,5.0,2.0,5.0,6.0
1652,1652,1652,1652,,0,111,3.0,0.0,3.0,0.0,3.0,0.0,3.0,0.0,3.0,0.0,3.0,0.0,3.0,5.0
1653,1653,1653,1653,,1,449,6.0,0.0,6.0,0.0,6.0,0.0,6.0,0.0,6.0,0.0,6.0,0.0,6.0,7.0
1654,1654,1654,1654,,47,217,5.0,1.0,5.0,1.0,5.0,3.0,5.0,2.0,5.0,1.0,5.0,2.0,5.0,5.0
1655,1655,1655,1655,,0,112,6.0,0.0,6.0,0.0,6.0,0.0,6.0,0.0,6.0,0.0,6.0,0.0,6.0,6.0
1656,1656,1656,1656,,0,113,5.0,0.0,5.0,0.0,5.0,0.0,5.0,0.0,5.0,0.0,5.0,0.0,5.0,5.0
1657,1657,1657,1657,,6,218,7.0,0.0,7.0,2.0,7.0,0.0,7.0,1.0,7.0,0.0,7.0,0.0,7.0,7.0
1658,1658,1658,1658,,6,49,6.0,0.0,6.0,0.0,6.0,0.0,6.0,0.0,6.0,0.0,6.0,0.0,6.0,7.0
1659,1659,1659,1659,,0,114,7.0,0.0,7.0,0.0,7.0,0.0,7.0,0.0,7.0,0.0,7.0,0.0,7.0,7.0
1660,1660,1660,1660,,53,345,6.0,1.0,6.0,1.0,6.0,2.0,6.0,3.0,6.0,1.0,6.0,2.0,6.0,6.0
1661,1661,1661,1661,,19,142,6.0,1.0,6.0,1.0,6.0,1.0,6.0,1.0,6.0,1.0,6.0,1.0,6.0,7.0
1662,1662,1662,1662,,50,60,7.0,1.0,7.0,1.0,7.0,1.0,7.0,2.0,7.0,1.0,7.0,2.0,7.0,8.0
1663,1663,1663,1663,,16,799,8.0,0.0,8.0,0.0,8.0,0.0,8.0,0.0,8.0,0.0,8.0,0.0,8.0,8.0
1664,1664,1664,1664,,4,388,6.0,0.0,6.0,0.0,6.0,0.0,6.0,0.0,6.0,0.0,6.0,0.0,6.0,6.0
1665,1665,1665,1665,,6,375,7.0,0.0,7.0,0.0,7.0,0.0,7.0,1.0,7.0,0.0,7.0,1.0,7.0,7.0
1666,1666,1666,1666,,17,372,6.0,2.0,6.0,1.0,6.0,1.0,6.0,1.0,6.0,1.0,6.0,2.0,6.0,6.0
1667,1667,1667,1667,,1,35,5.0,0.0,5.0,0.0,5.0,0.0,5.0,0.0,5.0,0.0,5.0,0.0,5.0,7.0
1668,1668,1668,1668,,1,115,6.0,0.0,6.0,0.0,6.0,0.0,6.0,0.0,6.0,0.0,6.0,0.0,6.0,7.0
1669,1669,1669,1669,,14,272,5.0,2.0,5.0,0.0,5.0,1.0,5.0,1.0,5.0,1.0,5.0,1.0,5.0,5.0
1670,1670,1670,1670,,0,116,5.0,0.0,5.0,0.0,5.0,0.0,5.0,0.0,5.0,0.0,5.0,0.0,5.0,6.0
1671,1671,1671,1671,,4,16,7.0,1.0,7.0,0.0,7.0,1.0,7.0,1.0,7.0,0.0,7.0,0.0,7.0,8.0
1672,1672,1672,1672,,3,272,5.0,0.0,5.0,0.0,5.0,0.0,5.0,0.0,5.0,0.0,5.0,0.0,5.0,6.0
1673,1673,1673,1673,,14,272,6.0,2.0,6.0,0.0,6.0,1.0,6.0,1.0,6.0,1.0,6.0,1.0,6.0,6.0
1674,1674,1674,1674,,24,375,5.0,1.0,5.0,1.0,5.0,1.0,5.0,2.0,5.0,1.0,5.0,1.0,5.0,6.0
1675,1675,1675,1675,,21,375,6.0,1.0,6.0,1.0,6.0,1.0,6.0,1.0,6.0,1.0,6.0,1.0,6.0,7.0
1676,1676,1676,1676,,30,42,6.0,1.0,6.0,1.0,6.0,1.0,6.0,1.0,6.0,0.0,6.0,1.0,6.0,6.0
1677,1677,1677,1677,,11,375,7.0,1.0,7.0,0.0,7.0,2.0,7.0,2.0,7.0,1.0,7.0,1.0,7.0,7.0
1678,1678,1678,1678,,0,117,3.0,0.0,3.0,0.0,3.0,0.0,3.0,0.0,3.0,0.0,3.0,0.0,3.0,4.0
1679,1679,1679,1679,,0,118,6.0,0.0,6.0,0.0,6.0,0.0,6.0,0.0,6.0,0.0,6.0,0.0,6.0,6.0
1680,1680,1680,1680,,0,119,6.0,0.0,6.0,0.0,6.0,0.0,6.0,0.0,6.0,0.0,6.0,0.0,6.0,6.0
1681,1681,1681,1681,,16,799,7.0,0.0,7.0,0.0,7.0,0.0,7.0,0.0,7.0,0.0,7.0,0.0,7.0,7.0
1682,1682,1682,1682,,27,42,6.0,1.0,6.0,1.0,6.0,1.0,6.0,2.0,6.0,1.0,6.0,1.0,6.0,7.0
1683,1683,1683,1683,,30,218,7.0,1.0,7.0,1.0,7.0,1.0,7.0,2.0,7.0,0.0,7.0,1.0,7.0,7.0
1684,1684,1684,1684,,10,35,7.0,1.0,7.0,1.0,7.0,1.0,7.0,2.0,7.0,1.0,7.0,2.0,7.0,7.0
1685,1685,1685,1685,,15,387,6.0,0.0,6.0,0.0,6.0,0.0,6.0,1.0,6.0,0.0,6.0,0.0,6.0,6.0
1686,1686,1686,1686,,34,16,6.0,2.0,6.0,1.0,6.0,1.0,6.0,4.0,6.0,1.0,6.0,1.0,6.0,7.0
1687,1687,1687,1687,,99,16,7.0,3.0,7.0,1.0,7.0,1.0,7.0,3.0,7.0,1.0,7.0,1.0,7.0,7.0
1688,1688,1688,1688,,89,35,7.0,1.0,7.0,1.0,7.0,1.0,7.0,2.0,7.0,1.0,7.0,1.0,7.0,7.0
1689,1689,1689,1689,,12,217,5.0,0.0,5.0,0.0,5.0,1.0,5.0,1.0,5.0,0.0,5.0,1.0,5.0,5.0
1690,1690,1690,1690,,14,42,6.0,1.0,6.0,1.0,6.0,1.0,6.0,1.0,6.0,0.0,6.0,1.0,6.0,6.0
1691,1691,1691,1691,,19,49,7.0,1.0,7.0,0.0,7.0,0.0,7.0,0.0,7.0,0.0,7.0,0.0,7.0,7.0
1692,1692,1692,1692,,2,360,6.0,0.0,6.0,0.0,6.0,0.0,6.0,1.0,6.0,1.0,6.0,1.0,6.0,7.0
1693,1693,1693,1693,,9,799,5.0,0.0,5.0,0.0,5.0,1.0,5.0,0.0,5.0,0.0,5.0,0.0,5.0,5.0
1694,1694,1694,1694,,22,49,7.0,1.0,7.0,1.0,7.0,2.0,7.0,2.0,7.0,1.0,7.0,1.0,7.0,7.0
1695,1695,1695,1695,,10,92,7.0,1.0,7.0,1.0,7.0,1.0,7.0,1.0,7.0,2.0,7.0,1.0,7.0,7.0
1696,1696,1696,1696,,40,16,8.0,2.0,8.0,1.0,8.0,1.0,8.0,3.0,8.0,1.0,8.0,1.0,8.0,8.0
1697,1697,1697,1697,,87,60,7.0,1.0,7.0,1.0,7.0,2.0,7.0,2.0,7.0,1.0,7.0,3.0,7.0,7.0
1698,1698,1698,1698,,1,135,6.0,0.0,6.0,0.0,6.0,0.0,6.0,0.0,6.0,0.0,6.0,0.0,6.0,6.0
1699,1699,1699,1699,,46,272,6.0,1.0,6.0,1.0,6.0,1.0,6.0,1.0,6.0,0.0,6.0,1.0,6.0,6.0
1700,1700,1700,1700,,1,49,7.0,0.0,7.0,0.0,7.0,0.0,7.0,0.0,7.0,0.0,7.0,0.0,7.0,7.0
1701,1701,1701,1701,,17,35,6.0,1.0,6.0,1.0,6.0,1.0,6.0,2.0,6.0,1.0,6.0,1.0,6.0,7.0
1702,1702,1702,1702,,28,272,8.0,1.0,8.0,0.0,8.0,1.0,8.0,1.0,8.0,0.0,8.0,1.0,8.0,8.0
1703,1703,1703,1703,,16,345,6.0,1.0,6.0,1.0,6.0,1.0,6.0,2.0,6.0,0.0,6.0,1.0,6.0,7.0
1704,1704,1704,1704,,14,217,7.0,1.0,7.0,1.0,7.0,1.0,7.0,2.0,7.0,1.0,7.0,1.0,7.0,7.0
1705,1705,1705,1705,,59,217,6.0,1.0,6.0,2.0,6.0,3.0,6.0,3.0,6.0,1.0,6.0,2.0,6.0,6.0
1706,1706,1706,1706,,2,120,7.0,0.0,7.0,0.0,7.0,0.0,7.0,0.0,7.0,0.0,7.0,0.0,7.0,7.0
1707,1707,1707,1707,,22,16,7.0,2.0,7.0,1.0,7.0,1.0,7.0,2.0,7.0,1.0,7.0,2.0,7.0,7.0
1708,1708,1708,1708,,8,375,6.0,0.0,6.0,0.0,6.0,0.0,6.0,1.0,6.0,0.0,6.0,0.0,6.0,6.0
1709,1709,1709,1709,,0,121,7.0,0.0,7.0,0.0,7.0,0.0,7.0,0.0,7.0,0.0,7.0,0.0,7.0,7.0
1710,1710,1710,1710,,25,218,7.0,1.0,7.0,1.0,7.0,1.0,7.0,2.0,7.0,0.0,7.0,1.0,7.0,8.0
1711,1711,1711,1711,,51,369,7.0,1.0,7.0,1.0,7.0,2.0,7.0,3.0,7.0,1.0,7.0,8.0,7.0,7.0
1712,1712,1712,1712,,26,218,6.0,1.0,6.0,2.0,6.0,1.0,6.0,2.0,6.0,1.0,6.0,1.0,6.0,7.0
1713,1713,1713,1713,,19,387,6.0,0.0,6.0,0.0,6.0,0.0,6.0,0.0,6.0,0.0,6.0,0.0,6.0,7.0
1714,1714,1714,1714,,1,360,7.0,0.0,7.0,0.0,7.0,0.0,7.0,0.0,7.0,0.0,7.0,0.0,7.0,7.0
1715,1715,1715,1715,,38,389,6.0,1.0,6.0,1.0,6.0,1.0,6.0,2.0,6.0,0.0,6.0,1.0,6.0,6.0
1716,1716,1716,1716,,25,375,6.0,1.0,6.0,1.0,6.0,1.0,6.0,1.0,6.0,0.0,6.0,1.0,6.0,6.0
1717,1717,1717,1717,,12,218,7.0,0.0,7.0,2.0,7.0,1.0,7.0,1.0,7.0,0.0,7.0,1.0,7.0,7.0
1718,1718,1718,1718,,43,270,6.0,1.0,6.0,1.0,6.0,1.0,6.0,2.0,6.0,1.0,6.0,1.0,6.0,7.0
1719,1719,1719,1719,,49,142,6.0,1.0,6.0,1.0,6.0,1.0,6.0,3.0,6.0,1.0,6.0,2.0,6.0,6.0
1720,1720,1720,1720,,34,92,7.0,1.0,7.0,1.0,7.0,1.0,7.0,2.0,7.0,0.0,7.0,2.0,7.0,8.0
1721,1721,1721,1721,,0,122,6.0,0.0,6.0,0.0,6.0,0.0,6.0,0.0,6.0,0.0,6.0,0.0,6.0,7.0
1722,1722,1722,1722,,47,153,5.0,1.0,5.0,1.0,5.0,1.0,5.0,2.0,5.0,1.0,5.0,1.0,5.0,5.0
1723,1723,1723,1723,,54,345,6.0,1.0,6.0,1.0,6.0,2.0,6.0,3.0,6.0,1.0,6.0,2.0,6.0,6.0
1724,1724,1724,1724,,12,375,8.0,1.0,8.0,1.0,8.0,2.0,8.0,3.0,8.0,1.0,8.0,1.0,8.0,8.0
1725,1725,1725,1725,,19,16,8.0,3.0,8.0,1.0,8.0,1.0,8.0,2.0,8.0,1.0,8.0,1.0,8.0,8.0
1726,1726,1726,1726,,3,92,7.0,0.0,7.0,0.0,7.0,0.0,7.0,0.0,7.0,0.0,7.0,0.0,7.0,7.0
1727,1727,1727,1727,,5,345,6.0,1.0,6.0,2.0,6.0,2.0,6.0,2.0,6.0,0.0,6.0,1.0,6.0,7.0
1728,1728,1728,1728,,12,49,7.0,1.0,7.0,1.0,7.0,2.0,7.0,2.0,7.0,1.0,7.0,1.0,7.0,7.0
1729,1729,1729,1729,,6,375,5.0,0.0,5.0,0.0,5.0,0.0,5.0,0.0,5.0,0.0,5.0,0.0,5.0,5.0
1730,1730,1730,1730,,2,387,7.0,0.0,7.0,0.0,7.0,0.0,7.0,0.0,7.0,0.0,7.0,0.0,7.0,7.0
1731,1731,1731,1731,,25,166,6.0,1.0,6.0,3.0,6.0,2.0,6.0,2.0,6.0,1.0,6.0,2.0,6.0,6.0
1732,1732,1732,1732,,7,42,6.0,0.0,6.0,0.0,6.0,0.0,6.0,1.0,6.0,0.0,6.0,0.0,6.0,6.0
1733,1733,1733,1733,,0,123,6.0,0.0,6.0,0.0,6.0,0.0,6.0,0.0,6.0,0.0,6.0,0.0,6.0,7.0
1734,1734,1734,1734,,2,16,6.0,0.0,6.0,0.0,6.0,0.0,6.0,0.0,6.0,0.0,6.0,0.0,6.0,7.0
1735,1735,1735,1735,,10,799,5.0,0.0,5.0,0.0,5.0,0.0,5.0,0.0,5.0,0.0,5.0,0.0,5.0,6.0
1736,1736,1736,1736,,17,142,6.0,0.0,6.0,0.0,6.0,1.0,6.0,1.0,6.0,0.0,6.0,2.0,6.0,6.0
1737,1737,1737,1737,,7,375,6.0,0.0,6.0,0.0,6.0,1.0,6.0,1.0,6.0,0.0,6.0,0.0,6.0,6.0
1738,1738,1738,1738,,26,387,7.0,1.0,7.0,1.0,7.0,1.0,7.0,1.0,7.0,0.0,7.0,1.0,7.0,7.0
1739,1739,1739,1739,,36,375,6.0,1.0,6.0,0.0,6.0,1.0,6.0,1.0,6.0,0.0,6.0,1.0,6.0,6.0
1740,1740,1740,1740,,18,92,6.0,1.0,6.0,1.0,6.0,2.0,6.0,3.0,6.0,1.0,6.0,3.0,6.0,7.0
1741,1741,1741,1741,,6,218,6.0,1.0,6.0,1.0,6.0,0.0,6.0,1.0,6.0,0.0,6.0,0.0,6.0,7.0
1742,1742,1742,1742,,1,168,6.0,0.0,6.0,0.0,6.0,0.0,6.0,0.0,6.0,0.0,6.0,0.0,6.0,7.0
1743,1743,1743,1743,,24,387,6.0,0.0,6.0,0.0,6.0,0.0,6.0,0.0,6.0,0.0,6.0,0.0,6.0,7.0
1744,1744,1744,1744,,10,92,6.0,1.0,6.0,1.0,6.0,1.0,6.0,1.0,6.0,1.0,6.0,1.0,6.0,6.0
1745,1745,1745,1745,,46,218,7.0,1.0,7.0,1.0,7.0,1.0,7.0,2.0,7.0,0.0,7.0,1.0,7.0,7.0
1746,1746,1746,1746,,4,397,6.0,0.0,6.0,0.0,6.0,0.0,6.0,0.0,6.0,0.0,6.0,0.0,6.0,6.0
1747,1747,1747,1747,,0,124,7.0,0.0,7.0,0.0,7.0,0.0,7.0,0.0,7.0,0.0,7.0,0.0,7.0,7.0
1748,1748,1748,1748,,6,387,7.0,0.0,7.0,0.0,7.0,1.0,7.0,1.0,7.0,0.0,7.0,1.0,7.0,7.0
1749,1749,1749,1749,,10,166,6.0,1.0,6.0,1.0,6.0,1.0,6.0,1.0,6.0,1.0,6.0,1.0,6.0,6.0
1750,1750,1750,1750,,4,42,7.0,0.0,7.0,0.0,7.0,0.0,7.0,0.0,7.0,0.0,7.0,0.0,7.0,7.0
1751,1751,1751,1751,,21,345,6.0,1.0,6.0,1.0,6.0,1.0,6.0,2.0,6.0,1.0,6.0,2.0,6.0,6.0
1752,1752,1752,1752,,36,389,6.0,1.0,6.0,1.0,6.0,1.0,6.0,2.0,6.0,0.0,6.0,1.0,6.0,6.0
1753,1753,1753,1753,,22,387,8.0,0.0,8.0,0.0,8.0,0.0,8.0,1.0,8.0,0.0,8.0,0.0,8.0,8.0
1754,1754,1754,1754,,1,352,6.0,0.0,6.0,0.0,6.0,0.0,6.0,0.0,6.0,0.0,6.0,0.0,6.0,7.0
1755,1755,1755,1755,,10,375,7.0,0.0,7.0,0.0,7.0,0.0,7.0,2.0,7.0,0.0,7.0,0.0,7.0,7.0
1756,1756,1756,1756,,9,345,7.0,1.0,7.0,1.0,7.0,1.0,7.0,1.0,7.0,0.0,7.0,1.0,7.0,7.0
1757,1757,1757,1757,,3,125,6.0,0.0,6.0,0.0,6.0,0.0,6.0,0.0,6.0,0.0,6.0,0.0,6.0,6.0
1758,1758,1758,1758,,5,49,7.0,0.0,7.0,1.0,7.0,1.0,7.0,3.0,7.0,0.0,7.0,2.0,7.0,8.0
1759,1759,1759,1759,,12,387,7.0,0.0,7.0,0.0,7.0,0.0,7.0,1.0,7.0,0.0,7.0,1.0,7.0,7.0
1760,1760,1760,1760,,3,375,6.0,1.0,6.0,0.0,6.0,0.0,6.0,1.0,6.0,0.0,6.0,0.0,6.0,7.0
1761,1761,1761,1761,,13,218,7.0,1.0,7.0,1.0,7.0,1.0,7.0,1.0,7.0,1.0,7.0,1.0,7.0,7.0
1762,1762,1762,1762,,23,217,7.0,1.0,7.0,1.0,7.0,1.0,7.0,3.0,7.0,0.0,7.0,1.0,7.0,7.0
1763,1763,1763,1763,,19,375,7.0,1.0,7.0,0.0,7.0,1.0,7.0,1.0,7.0,0.0,7.0,1.0,7.0,7.0
1764,1764,1764,1764,,0,126,7.0,0.0,7.0,0.0,7.0,0.0,7.0,0.0,7.0,0.0,7.0,0.0,7.0,7.0
1765,1765,1765,1765,,9,49,6.0,0.0,6.0,0.0,6.0,0.0,6.0,0.0,6.0,0.0,6.0,0.0,6.0,6.0
1766,1766,1766,1766,,1,388,6.0,0.0,6.0,0.0,6.0,0.0,6.0,0.0,6.0,0.0,6.0,0.0,6.0,6.0
1767,1767,1767,1767,,1,492,6.0,0.0,6.0,0.0,6.0,0.0,6.0,0.0,6.0,0.0,6.0,0.0,6.0,6.0
1768,1768,1768,1768,,0,127,7.0,0.0,7.0,0.0,7.0,0.0,7.0,0.0,7.0,0.0,7.0,0.0,7.0,7.0
1769,1769,1769,1769,,64,35,4.0,1.0,4.0,1.0,4.0,1.0,4.0,2.0,4.0,1.0,4.0,1.0,4.0,5.0
1770,1770,1770,1770,,2,185,7.0,0.0,7.0,0.0,7.0,0.0,7.0,0.0,7.0,0.0,7.0,0.0,7.0,7.0
1771,1771,1771,1771,,3,142,6.0,0.0,6.0,0.0,6.0,0.0,6.0,0.0,6.0,0.0,6.0,0.0,6.0,6.0
1772,1772,1772,1772,,18,372,6.0,2.0,6.0,1.0,6.0,1.0,6.0,2.0,6.0,1.0,6.0,1.0,6.0,6.0
1773,1773,1773,1773,,30,272,6.0,1.0,6.0,1.0,6.0,1.0,6.0,1.0,6.0,1.0,6.0,2.0,6.0,7.0
1774,1774,1774,1774,,7,42,5.0,1.0,5.0,2.0,5.0,0.0,5.0,1.0,5.0,0.0,5.0,1.0,5.0,6.0
1775,1775,1775,1775,,3,42,6.0,0.0,6.0,3.0,6.0,0.0,6.0,0.0,6.0,0.0,6.0,0.0,6.0,6.0
1776,1776,1776,1776,,6,375,7.0,1.0,7.0,1.0,7.0,2.0,7.0,2.0,7.0,0.0,7.0,3.0,7.0,7.0
1777,1777,1777,1777,,5,42,5.0,1.0,5.0,0.0,5.0,1.0,5.0,1.0,5.0,0.0,5.0,1.0,5.0,7.0
1778,1778,1778,1778,,21,218,6.0,0.0,6.0,1.0,6.0,1.0,6.0,1.0,6.0,0.0,6.0,1.0,6.0,6.0
1779,1779,1779,1779,,10,92,6.0,0.0,6.0,1.0,6.0,1.0,6.0,1.0,6.0,0.0,6.0,1.0,6.0,6.0
1780,1780,1780,1780,,68,35,7.0,1.0,7.0,1.0,7.0,1.0,7.0,2.0,7.0,1.0,7.0,1.0,7.0,7.0
1781,1781,1781,1781,,0,128,6.0,0.0,6.0,0.0,6.0,0.0,6.0,0.0,6.0,0.0,6.0,0.0,6.0,6.0
1782,1782,1782,1782,,32,270,6.0,1.0,6.0,1.0,6.0,1.0,6.0,1.0,6.0,1.0,6.0,1.0,6.0,6.0
1783,1783,1783,1783,,39,142,7.0,1.0,7.0,1.0,7.0,1.0,7.0,1.0,7.0,1.0,7.0,1.0,7.0,8.0
1784,1784,1784,1784,,1,217,7.0,0.0,7.0,0.0,7.0,0.0,7.0,0.0,7.0,0.0,7.0,0.0,7.0,7.0
1785,1785,1785,1785,,23,272,7.0,1.0,7.0,0.0,7.0,1.0,7.0,1.0,7.0,1.0,7.0,1.0,7.0,7.0
1786,1786,1786,1786,,90,360,6.0,2.0,6.0,1.0,6.0,1.0,6.0,2.0,6.0,3.0,6.0,1.0,6.0,7.0
1787,1787,1787,1787,,5,49,7.0,0.0,7.0,0.0,7.0,0.0,7.0,0.0,7.0,0.0,7.0,0.0,7.0,7.0
1788,1788,1788,1788,,49,153,6.0,1.0,6.0,1.0,6.0,1.0,6.0,2.0,6.0,1.0,6.0,1.0,6.0,6.0
1789,1789,1789,1789,,49,218,6.0,1.0,6.0,1.0,6.0,1.0,6.0,2.0,6.0,1.0,6.0,1.0,6.0,6.0
1790,1790,1790,1790,,18,375,7.0,1.0,7.0,1.0,7.0,1.0,7.0,2.0,7.0,0.0,7.0,1.0,7.0,8.0
1791,1791,1791,1791,,20,166,5.0,1.0,5.0,1.0,5.0,1.0,5.0,1.0,5.0,1.0,5.0,1.0,5.0,6.0
1792,1792,1792,1792,,25,60,6.0,2.0,6.0,1.0,6.0,1.0,6.0,2.0,6.0,1.0,6.0,2.0,6.0,6.0
1793,1793,1793,1793,,14,345,6.0,0.0,6.0,0.0,6.0,1.0,6.0,1.0,6.0,0.0,6.0,1.0,6.0,6.0
1794,1794,1794,1794,,0,129,5.0,0.0,5.0,0.0,5.0,0.0,5.0,0.0,5.0,0.0,5.0,0.0,5.0,6.0
1795,1795,1795,1795,,13,360,7.0,1.0,7.0,1.0,7.0,2.0,7.0,2.0,7.0,3.0,7.0,2.0,7.0,8.0
1796,1796,1796,1796,,48,92,7.0,1.0,7.0,1.0,7.0,1.0,7.0,2.0,7.0,1.0,7.0,1.0,7.0,7.0
1797,1797,1797,1797,,1,703,5.0,0.0,5.0,0.0,5.0,0.0,5.0,0.0,5.0,0.0,5.0,0.0,5.0,6.0
1798,1798,1798,1798,,7,270,6.0,1.0,6.0,0.0,6.0,1.0,6.0,1.0,6.0,3.0,6.0,1.0,6.0,6.0
1799,1799,1799,1799,,10,668,6.0,0.0,6.0,0.0,6.0,0.0,6.0,0.0,6.0,0.0,6.0,0.0,6.0,6.0
1800,1800,1800,1800,,11,389,6.0,1.0,6.0,1.0,6.0,1.0,6.0,1.0,6.0,0.0,6.0,1.0,6.0,6.0
1801,1801,1801,1801,,44,270,5.0,1.0,5.0,1.0,5.0,1.0,5.0,2.0,5.0,1.0,5.0,2.0,5.0,5.0
1802,1802,1802,1802,,0,130,5.0,0.0,5.0,0.0,5.0,0.0,5.0,0.0,5.0,0.0,5.0,0.0,5.0,6.0
1803,1803,1803,1803,,5,42,6.0,0.0,6.0,0.0,6.0,1.0,6.0,1.0,6.0,0.0,6.0,0.0,6.0,6.0
1804,1804,1804,1804,,30,142,6.0,2.0,6.0,1.0,6.0,1.0,6.0,2.0,6.0,1.0,6.0,2.0,6.0,6.0
1805,1805,1805,1805,,21,387,7.0,0.0,7.0,0.0,7.0,0.0,7.0,0.0,7.0,0.0,7.0,0.0,7.0,7.0
1806,1806,1806,1806,,8,35,4.0,1.0,4.0,1.0,4.0,2.0,4.0,1.0,4.0,0.0,4.0,1.0,4.0,4.0
1807,1807,1807,1807,,0,131,5.0,0.0,5.0,0.0,5.0,0.0,5.0,0.0,5.0,0.0,5.0,0.0,5.0,7.0
1808,1808,1808,1808,,9,375,6.0,0.0,6.0,0.0,6.0,0.0,6.0,1.0,6.0,0.0,6.0,0.0,6.0,7.0
1809,1809,1809,1809,,20,375,7.0,1.0,7.0,1.0,7.0,1.0,7.0,1.0,7.0,0.0,7.0,1.0,7.0,7.0
1810,1810,1810,1810,,43,270,7.0,1.0,7.0,1.0,7.0,1.0,7.0,2.0,7.0,1.0,7.0,1.0,7.0,7.0
1811,1811,1811,1811,,45,35,7.0,1.0,7.0,1.0,7.0,1.0,7.0,2.0,7.0,1.0,7.0,1.0,7.0,7.0
1812,1812,1812,1812,,73,16,8.0,3.0,8.0,1.0,8.0,1.0,8.0,3.0,8.0,1.0,8.0,1.0,8.0,8.0
1813,1813,1813,1813,,67,142,8.0,1.0,8.0,1.0,8.0,1.0,8.0,3.0,8.0,1.0,8.0,1.0,8.0,8.0
1814,1814,1814,1814,,8,60,6.0,0.0,6.0,0.0,6.0,1.0,6.0,1.0,6.0,0.0,6.0,1.0,6.0,6.0
1815,1815,1815,1815,,5,153,7.0,0.0,7.0,0.0,7.0,0.0,7.0,1.0,7.0,0.0,7.0,0.0,7.0,8.0
1816,1816,1816,1816,,2,338,7.0,0.0,7.0,0.0,7.0,0.0,7.0,0.0,7.0,0.0,7.0,0.0,7.0,7.0
1817,1817,1817,1817,,38,369,6.0,1.0,6.0,1.0,6.0,2.0,6.0,3.0,6.0,1.0,6.0,10.0,8.0,7.0
1818,1818,1818,1818,,81,60,8.0,1.0,8.0,1.0,8.0,2.0,8.0,2.0,8.0,1.0,8.0,3.0,8.0,8.0
1819,1819,1819,1819,,41,92,8.0,1.0,8.0,1.0,8.0,1.0,8.0,2.0,8.0,1.0,8.0,1.0,8.0,8.0
1820,1820,1820,1820,,4,375,6.0,0.0,6.0,0.0,6.0,2.0,6.0,1.0,6.0,0.0,6.0,1.0,6.0,6.0
1821,1821,1821,1821,,33,42,5.0,1.0,5.0,1.0,5.0,1.0,5.0,2.0,5.0,0.0,5.0,1.0,5.0,6.0
1822,1822,1822,1822,,0,132,5.0,0.0,5.0,0.0,5.0,0.0,5.0,0.0,5.0,0.0,5.0,0.0,5.0,5.0
1823,1823,1823,1823,,35,142,6.0,1.0,6.0,1.0,6.0,1.0,6.0,1.0,6.0,1.0,6.0,1.0,6.0,6.0
1824,1824,1824,1824,,5,49,5.0,0.0,5.0,0.0,5.0,0.0,5.0,0.0,5.0,0.0,5.0,0.0,5.0,5.0
1825,1825,1825,1825,,42,270,6.0,1.0,6.0,1.0,6.0,2.0,6.0,2.0,6.0,1.0,6.0,1.0,6.0,7.0
1826,1826,1826,1826,,7,92,6.0,0.0,6.0,1.0,6.0,0.0,6.0,1.0,6.0,0.0,6.0,0.0,6.0,7.0
1827,1827,1827,1827,,1,629,6.0,0.0,6.0,0.0,6.0,0.0,6.0,0.0,6.0,0.0,6.0,0.0,6.0,6.0
1828,1828,1828,1828,,26,799,8.0,0.0,8.0,0.0,8.0,1.0,8.0,1.0,8.0,0.0,8.0,1.0,8.0,8.0
1829,1829,1829,1829,,34,375,8.0,1.0,8.0,1.0,8.0,1.0,8.0,1.0,8.0,1.0,8.0,1.0,8.0,8.0
1830,1830,1830,1830,,14,42,6.0,1.0,6.0,1.0,6.0,1.0,6.0,2.0,6.0,0.0,6.0,1.0,6.0,7.0
1831,1831,1831,1831,,16,375,7.0,1.0,7.0,1.0,7.0,2.0,7.0,3.0,7.0,0.0,7.0,3.0,7.0,7.0
1832,1832,1832,1832,,77,35,7.0,1.0,7.0,1.0,7.0,1.0,7.0,2.0,7.0,1.0,7.0,1.0,7.0,7.0
1833,1833,1833,1833,,21,218,5.0,0.0,5.0,1.0,5.0,1.0,5.0,1.0,5.0,0.0,5.0,0.0,5.0,5.0
1834,1834,1834,1834,,1,133,6.0,0.0,6.0,0.0,6.0,0.0,6.0,0.0,6.0,0.0,6.0,0.0,6.0,6.0
1835,1835,1835,1835,,31,270,6.0,1.0,6.0,1.0,6.0,1.0,6.0,2.0,6.0,1.0,6.0,1.0,6.0,6.0
1836,1836,1836,1836,,2,272,7.0,0.0,7.0,0.0,7.0,0.0,7.0,0.0,7.0,0.0,7.0,0.0,7.0,8.0
1837,1837,1837,1837,,8,375,6.0,1.0,6.0,0.0,6.0,1.0,6.0,1.0,6.0,0.0,6.0,1.0,6.0,7.0
1838,1838,1838,1838,,60,272,7.0,1.0,7.0,1.0,7.0,1.0,7.0,1.0,7.0,0.0,7.0,1.0,7.0,7.0
1839,1839,1839,1839,,8,218,6.0,0.0,6.0,0.0,6.0,1.0,6.0,1.0,6.0,0.0,6.0,1.0,6.0,6.0
1840,1840,1840,1840,,49,142,7.0,1.0,7.0,1.0,7.0,1.0,7.0,3.0,7.0,1.0,7.0,2.0,7.0,7.0
1841,1841,1841,1841,,15,218,7.0,1.0,7.0,1.0,7.0,1.0,7.0,2.0,7.0,0.0,7.0,1.0,7.0,8.0
1842,1842,1842,1842,,13,375,7.0,0.0,7.0,0.0,7.0,0.0,7.0,0.0,7.0,0.0,7.0,0.0,7.0,7.0
1843,1843,1843,1843,,5,238,7.0,0.0,7.0,0.0,7.0,0.0,7.0,0.0,7.0,0.0,7.0,0.0,7.0,7.0
1844,1844,1844,1844,,33,375,6.0,2.0,6.0,1.0,6.0,1.0,6.0,2.0,6.0,1.0,6.0,1.0,6.0,7.0
1845,1845,1845,1845,,33,142,6.0,2.0,6.0,2.0,6.0,2.0,6.0,3.0,6.0,1.0,6.0,2.0,6.0,6.0
1846,1846,1846,1846,,13,217,7.0,1.0,7.0,1.0,7.0,1.0,7.0,2.0,7.0,1.0,7.0,1.0,7.0,7.0
1847,1847,1847,1847,,21,387,8.0,1.0,8.0,0.0,8.0,1.0,8.0,1.0,8.0,0.0,8.0,1.0,8.0,8.0
1848,1848,1848,1848,,53,16,5.0,2.0,5.0,1.0,5.0,1.0,5.0,7.0,6.0,1.0,6.0,1.0,6.0,7.0
1849,1849,1849,1849,,37,375,6.0,2.0,6.0,1.0,6.0,1.0,6.0,3.0,6.0,1.0,6.0,2.0,6.0,7.0
1850,1850,1850,1850,,15,799,8.0,1.0,8.0,0.0,8.0,1.0,8.0,1.0,8.0,0.0,8.0,1.0,8.0,8.0
1851,1851,1851,1851,,8,799,6.0,1.0,6.0,0.0,6.0,1.0,6.0,1.0,6.0,1.0,6.0,1.0,6.0,7.0
1852,1852,1852,1852,,4,799,7.0,0.0,7.0,0.0,7.0,0.0,7.0,0.0,7.0,0.0,7.0,0.0,7.0,7.0
1853,1853,1853,1853,,21,16,6.0,2.0,6.0,1.0,6.0,1.0,6.0,3.0,6.0,1.0,6.0,1.0,6.0,6.0
1854,1854,1854,1854,,18,217,6.0,1.0,6.0,1.0,6.0,2.0,6.0,9.0,8.0,0.0,8.0,1.0,8.0,7.0
1855,1855,1855,1855,,15,217,8.0,1.0,8.0,0.0,8.0,1.0,8.0,1.0,8.0,1.0,8.0,1.0,8.0,8.0
1856,1856,1856,1856,,0,134,6.0,0.0,6.0,0.0,6.0,0.0,6.0,0.0,6.0,0.0,6.0,0.0,6.0,6.0
1857,1857,1857,1857,,1,135,6.0,0.0,6.0,0.0,6.0,0.0,6.0,0.0,6.0,0.0,6.0,0.0,6.0,6.0
1858,1858,1858,1858,,17,375,6.0,1.0,6.0,1.0,6.0,1.0,6.0,2.0,6.0,0.0,6.0,1.0,6.0,7.0
1859,1859,1859,1859,,5,42,6.0,0.0,6.0,0.0,6.0,0.0,6.0,1.0,6.0,0.0,6.0,0.0,6.0,7.0
1860,1860,1860,1860,,11,270,6.0,1.0,6.0,1.0,6.0,2.0,6.0,2.0,6.0,0.0,6.0,2.0,6.0,7.0
1861,1861,1861,1861,,3,166,6.0,1.0,6.0,1.0,6.0,1.0,6.0,1.0,6.0,0.0,6.0,1.0,6.0,6.0
1862,1862,1862,1862,,2,375,5.0,0.0,5.0,0.0,5.0,0.0,5.0,0.0,5.0,0.0,5.0,0.0,5.0,6.0
1863,1863,1863,1863,,1,92,7.0,0.0,7.0,0.0,7.0,0.0,7.0,0.0,7.0,0.0,7.0,0.0,7.0,7.0
1864,1864,1864,1864,,48,153,6.0,1.0,6.0,1.0,6.0,1.0,6.0,2.0,6.0,1.0,6.0,1.0,6.0,7.0
1865,1865,1865,1865,,21,166,6.0,1.0,6.0,1.0,6.0,1.0,6.0,1.0,6.0,1.0,6.0,1.0,6.0,6.0
1866,1866,1866,1866,,22,387,6.0,1.0,6.0,0.0,6.0,0.0,6.0,1.0,6.0,0.0,6.0,0.0,6.0,6.0
1867,1867,1867,1867,,33,218,6.0,1.0,6.0,1.0,6.0,2.0,6.0,2.0,6.0,0.0,6.0,1.0,6.0,6.0
1868,1868,1868,1868,,18,166,6.0,1.0,6.0,1.0,6.0,1.0,6.0,1.0,6.0,1.0,6.0,1.0,6.0,7.0
1869,1869,1869,1869,,12,16,7.0,1.0,7.0,0.0,7.0,0.0,7.0,1.0,7.0,0.0,7.0,0.0,7.0,7.0
1870,1870,1870,1870,,4,166,6.0,0.0,6.0,0.0,6.0,0.0,6.0,0.0,6.0,0.0,6.0,0.0,6.0,7.0
1871,1871,1871,1871,,0,136,6.0,0.0,6.0,0.0,6.0,0.0,6.0,0.0,6.0,0.0,6.0,0.0,6.0,6.0
1872,1872,1872,1872,,2,799,5.0,2.0,5.0,0.0,5.0,0.0,5.0,1.0,5.0,0.0,5.0,0.0,5.0,6.0
1873,1873,1873,1873,,1,149,6.0,0.0,6.0,0.0,6.0,0.0,6.0,0.0,6.0,0.0,6.0,0.0,6.0,6.0
1874,1874,1874,1874,,18,166,7.0,1.0,7.0,0.0,7.0,1.0,7.0,1.0,7.0,0.0,7.0,1.0,7.0,7.0
1875,1875,1875,1875,,9,270,7.0,1.0,7.0,0.0,7.0,1.0,7.0,4.0,7.0,0.0,7.0,1.0,7.0,7.0
1876,1876,1876,1876,,4,142,6.0,0.0,6.0,0.0,6.0,0.0,6.0,0.0,6.0,0.0,6.0,0.0,6.0,6.0
1877,1877,1877,1877,,48,272,7.0,1.0,7.0,1.0,7.0,1.0,7.0,1.0,7.0,0.0,7.0,1.0,7.0,7.0
1878,1878,1878,1878,,0,137,5.0,0.0,5.0,0.0,5.0,0.0,5.0,0.0,5.0,0.0,5.0,0.0,5.0,6.0
1879,1879,1879,1879,,9,142,5.0,0.0,5.0,0.0,5.0,0.0,5.0,0.0,5.0,0.0,5.0,0.0,5.0,6.0
1880,1880,1880,1880,,11,345,5.0,1.0,5.0,1.0,5.0,1.0,5.0,3.0,5.0,0.0,5.0,1.0,5.0,6.0
1881,1881,1881,1881,,33,92,9.0,1.0,9.0,1.0,9.0,1.0,9.0,2.0,9.0,1.0,9.0,1.0,9.0,9.0
1882,1882,1882,1882,,17,34,5.0,0.0,5.0,2.0,5.0,1.0,5.0,1.0,5.0,0.0,5.0,1.0,5.0,6.0
1883,1883,1883,1883,,13,270,7.0,1.0,7.0,1.0,7.0,1.0,7.0,2.0,7.0,0.0,7.0,1.0,7.0,7.0
1884,1884,1884,1884,,16,92,6.0,1.0,6.0,1.0,6.0,1.0,6.0,2.0,6.0,1.0,6.0,1.0,6.0,6.0
1885,1885,1885,1885,,11,387,7.0,0.0,7.0,0.0,7.0,0.0,7.0,1.0,7.0,0.0,7.0,0.0,7.0,7.0
1886,1886,1886,1886,,0,138,6.0,0.0,6.0,0.0,6.0,0.0,6.0,0.0,6.0,0.0,6.0,0.0,6.0,6.0
1887,1887,1887,1887,,5,272,7.0,0.0,7.0,0.0,7.0,0.0,7.0,1.0,7.0,0.0,7.0,0.0,7.0,7.0
1888,1888,1888,1888,,0,139,7.0,0.0,7.0,0.0,7.0,0.0,7.0,0.0,7.0,0.0,7.0,0.0,7.0,7.0
1889,1889,1889,1889,,15,668,7.0,0.0,7.0,0.0,7.0,0.0,7.0,0.0,7.0,0.0,7.0,0.0,7.0,7.0
1890,1890,1890,1890,,21,272,6.0,1.0,6.0,0.0,6.0,1.0,6.0,1.0,6.0,0.0,6.0,1.0,6.0,6.0
1891,1891,1891,1891,,59,218,7.0,1.0,7.0,1.0,7.0,1.0,7.0,2.0,7.0,0.0,7.0,1.0,7.0,7.0
1892,1892,1892,1892,,1,42,6.0,0.0,6.0,0.0,6.0,0.0,6.0,0.0,6.0,0.0,6.0,0.0,6.0,7.0
1893,1893,1893,1893,,41,153,5.0,1.0,5.0,1.0,5.0,1.0,5.0,2.0,5.0,1.0,5.0,1.0,5.0,6.0
1894,1894,1894,1894,,44,217,6.0,1.0,6.0,1.0,6.0,3.0,6.0,3.0,6.0,1.0,6.0,2.0,6.0,7.0
1895,1895,1895,1895,,12,92,7.0,1.0,7.0,1.0,7.0,1.0,7.0,1.0,7.0,0.0,7.0,1.0,7.0,7.0
1896,1896,1896,1896,,25,270,7.0,1.0,7.0,1.0,7.0,1.0,7.0,1.0,7.0,1.0,7.0,1.0,7.0,7.0
1897,1897,1897,1897,,11,16,5.0,2.0,5.0,1.0,5.0,2.0,5.0,4.0,5.0,1.0,5.0,3.0,5.0,5.0
1898,1898,1898,1898,,0,140,5.0,0.0,5.0,0.0,5.0,0.0,5.0,0.0,5.0,0.0,5.0,0.0,5.0,6.0
1899,1899,1899,1899,,3,60,5.0,1.0,5.0,0.0,5.0,1.0,5.0,1.0,5.0,0.0,5.0,1.0,5.0,5.0
1900,1900,1900,1900,,0,141,5.0,0.0,5.0,0.0,5.0,0.0,5.0,0.0,5.0,0.0,5.0,0.0,5.0,5.0
1901,1901,1901,1901,,1,217,7.0,0.0,7.0,0.0,7.0,1.0,7.0,1.0,7.0,0.0,7.0,1.0,7.0,7.0
1902,1902,1902,1902,,1,375,5.0,0.0,5.0,0.0,5.0,0.0,5.0,0.0,5.0,0.0,5.0,0.0,5.0,6.0
1903,1903,1903,1903,,28,142,6.0,1.0,6.0,1.0,6.0,1.0,6.0,1.0,6.0,1.0,6.0,1.0,6.0,6.0
1904,1904,1904,1904,,1,181,4.0,0.0,4.0,0.0,4.0,0.0,4.0,0.0,4.0,0.0,4.0,0.0,4.0,5.0
1905,1905,1905,1905,,7,153,5.0,0.0,5.0,1.0,5.0,1.0,5.0,1.0,5.0,0.0,5.0,1.0,5.0,6.0
1906,1906,1906,1906,,32,42,6.0,1.0,6.0,2.0,6.0,1.0,6.0,1.0,6.0,1.0,6.0,1.0,6.0,7.0
1907,1907,1907,1907,,5,270,5.0,0.0,5.0,0.0,5.0,0.0,5.0,0.0,5.0,0.0,5.0,0.0,5.0,7.0
1908,1908,1908,1908,,53,345,4.0,1.0,4.0,1.0,4.0,2.0,4.0,3.0,4.0,1.0,4.0,2.0,4.0,6.0
1909,1909,1909,1909,,60,375,7.0,1.0,7.0,1.0,7.0,1.0,7.0,2.0,7.0,1.0,7.0,1.0,7.0,7.0
1910,1910,1910,1910,,34,16,6.0,2.0,6.0,1.0,6.0,1.0,6.0,2.0,6.0,1.0,6.0,1.0,6.0,7.0
1911,1911,1911,1911,,3,218,5.0,0.0,5.0,0.0,5.0,0.0,5.0,1.0,5.0,0.0,5.0,0.0,5.0,5.0
1912,1912,1912,1912,,47,60,7.0,1.0,7.0,1.0,7.0,2.0,7.0,2.0,7.0,1.0,7.0,2.0,7.0,7.0
1913,1913,1913,1913,,61,270,7.0,1.0,7.0,1.0,7.0,1.0,7.0,2.0,7.0,1.0,7.0,1.0,7.0,7.0
1914,1914,1914,1914,,4,387,6.0,0.0,6.0,2.0,6.0,0.0,6.0,0.0,6.0,0.0,6.0,0.0,6.0,7.0
1915,1915,1915,1915,,35,389,6.0,1.0,6.0,1.0,6.0,1.0,6.0,2.0,6.0,0.0,6.0,1.0,6.0,6.0
1916,1916,1916,1916,,44,218,7.0,1.0,7.0,1.0,7.0,1.0,7.0,2.0,7.0,1.0,7.0,1.0,7.0,7.0
1917,1917,1917,1917,,47,60,6.0,1.0,6.0,1.0,6.0,1.0,6.0,2.0,6.0,1.0,6.0,2.0,6.0,6.0
1918,1918,1918,1918,,16,799,7.0,0.0,7.0,0.0,7.0,0.0,7.0,0.0,7.0,0.0,7.0,0.0,7.0,8.0
1919,1919,1919,1919,,14,272,6.0,2.0,6.0,0.0,6.0,1.0,6.0,1.0,6.0,1.0,6.0,1.0,6.0,6.0
1920,1920,1920,1920,,56,389,8.0,1.0,8.0,1.0,8.0,2.0,8.0,2.0,8.0,1.0,8.0,1.0,8.0,8.0
1921,1921,1921,1921,,17,372,7.0,2.0,7.0,1.0,7.0,1.0,7.0,1.0,7.0,1.0,7.0,2.0,7.0,7.0
1922,1922,1922,1922,,20,270,7.0,1.0,7.0,0.0,7.0,0.0,7.0,1.0,7.0,0.0,7.0,1.0,7.0,7.0
1923,1923,1923,1923,,46,16,6.0,2.0,6.0,1.0,6.0,1.0,6.0,8.0,7.0,1.0,7.0,2.0,7.0,7.0
1924,1924,1924,1924,,12,345,5.0,1.0,5.0,1.0,5.0,1.0,5.0,3.0,5.0,1.0,5.0,1.0,5.0,5.0
1925,1925,1925,1925,,0,143,6.0,0.0,6.0,0.0,6.0,0.0,6.0,0.0,6.0,0.0,6.0,0.0,6.0,6.0
1926,1926,1926,1926,,46,218,6.0,1.0,6.0,3.0,6.0,2.0,6.0,2.0,6.0,1.0,6.0,1.0,6.0,6.0
1927,1927,1927,1927,,18,375,5.0,1.0,5.0,1.0,5.0,2.0,5.0,2.0,5.0,0.0,5.0,2.0,5.0,6.0
1928,1928,1928,1928,,3,272,6.0,0.0,6.0,0.0,6.0,0.0,6.0,0.0,6.0,0.0,6.0,0.0,6.0,6.0
1929,1929,1929,1929,,35,375,6.0,1.0,6.0,1.0,6.0,1.0,6.0,2.0,6.0,1.0,6.0,1.0,6.0,7.0
1930,1930,1930,1930,,0,144,6.0,0.0,6.0,0.0,6.0,0.0,6.0,0.0,6.0,0.0,6.0,0.0,6.0,7.0
1931,1931,1931,1931,,1,189,7.0,0.0,7.0,0.0,7.0,0.0,7.0,0.0,7.0,0.0,7.0,0.0,7.0,8.0
1932,1932,1932,1932,,0,145,5.0,0.0,5.0,0.0,5.0,0.0,5.0,0.0,5.0,0.0,5.0,0.0,5.0,6.0
1933,1933,1933,1933,,5,49,6.0,0.0,6.0,0.0,6.0,0.0,6.0,0.0,6.0,0.0,6.0,0.0,6.0,7.0
1934,1934,1934,1934,,4,16,5.0,0.0,5.0,0.0,5.0,0.0,5.0,1.0,5.0,0.0,5.0,0.0,5.0,5.0
1935,1935,1935,1935,,17,217,7.0,1.0,7.0,1.0,7.0,1.0,7.0,1.0,7.0,0.0,7.0,1.0,7.0,7.0
1936,1936,1936,1936,,0,146,6.0,0.0,6.0,0.0,6.0,0.0,6.0,0.0,6.0,0.0,6.0,0.0,6.0,7.0
1937,1937,1937,1937,,0,147,5.0,0.0,5.0,0.0,5.0,0.0,5.0,0.0,5.0,0.0,5.0,0.0,5.0,5.0
1938,1938,1938,1938,,7,375,6.0,0.0,6.0,0.0,6.0,0.0,6.0,0.0,6.0,0.0,6.0,0.0,6.0,7.0
1939,1939,1939,1939,,4,195,4.0,0.0,4.0,0.0,4.0,0.0,4.0,0.0,4.0,0.0,4.0,0.0,4.0,6.0
1940,1940,1940,1940,,29,49,7.0,1.0,7.0,0.0,7.0,1.0,7.0,1.0,7.0,0.0,7.0,1.0,7.0,7.0
1941,1941,1941,1941,,18,218,6.0,1.0,6.0,1.0,6.0,1.0,6.0,2.0,6.0,1.0,6.0,1.0,6.0,6.0
1942,1942,1942,1942,,5,16,6.0,1.0,6.0,0.0,6.0,1.0,6.0,3.0,6.0,0.0,6.0,1.0,6.0,6.0
1943,1943,1943,1943,,0,148,6.0,0.0,6.0,0.0,6.0,0.0,6.0,0.0,6.0,0.0,6.0,0.0,6.0,6.0
1944,1944,1944,1944,,18,49,7.0,0.0,7.0,0.0,7.0,0.0,7.0,1.0,7.0,0.0,7.0,0.0,7.0,7.0
1945,1945,1945,1945,,16,799,8.0,0.0,8.0,0.0,8.0,0.0,8.0,0.0,8.0,0.0,8.0,0.0,8.0,8.0
1946,1946,1946,1946,,48,389,6.0,1.0,6.0,1.0,6.0,2.0,6.0,2.0,6.0,0.0,6.0,1.0,6.0,6.0
1947,1947,1947,1947,,8,217,6.0,1.0,6.0,2.0,6.0,2.0,6.0,4.0,6.0,0.0,6.0,3.0,6.0,6.0
1948,1948,1948,1948,,1,149,7.0,0.0,7.0,0.0,7.0,0.0,7.0,0.0,7.0,0.0,7.0,0.0,7.0,7.0
1949,1949,1949,1949,,1,388,6.0,0.0,6.0,0.0,6.0,0.0,6.0,0.0,6.0,0.0,6.0,0.0,6.0,6.0
1950,1950,1950,1950,,0,150,4.0,0.0,4.0,0.0,4.0,0.0,4.0,0.0,4.0,0.0,4.0,0.0,4.0,4.0
1951,1951,1951,1951,,0,151,6.0,0.0,6.0,0.0,6.0,0.0,6.0,0.0,6.0,0.0,6.0,0.0,6.0,6.0
1952,1952,1952,1952,,24,16,5.0,3.0,5.0,1.0,5.0,1.0,5.0,2.0,5.0,1.0,5.0,1.0,5.0,5.0
1953,1953,1953,1953,,7,166,6.0,2.0,6.0,0.0,6.0,0.0,6.0,1.0,6.0,0.0,6.0,1.0,6.0,6.0
1954,1954,1954,1954,,0,152,7.0,0.0,7.0,0.0,7.0,0.0,7.0,0.0,7.0,0.0,7.0,0.0,7.0,7.0
1955,1955,1955,1955,,1,163,7.0,0.0,7.0,0.0,7.0,0.0,7.0,0.0,7.0,0.0,7.0,0.0,7.0,7.0
1956,1956,1956,1956,,1,827,4.0,0.0,4.0,0.0,4.0,0.0,4.0,0.0,4.0,0.0,4.0,0.0,4.0,6.0
1957,1957,1957,1957,,23,49,7.0,1.0,7.0,0.0,7.0,0.0,7.0,1.0,7.0,0.0,7.0,0.0,7.0,7.0
1958,1958,1958,1958,,29,387,6.0,0.0,6.0,0.0,6.0,0.0,6.0,0.0,6.0,0.0,6.0,0.0,6.0,7.0
1959,1959,1959,1959,,6,372,7.0,0.0,7.0,0.0,7.0,0.0,7.0,0.0,7.0,0.0,7.0,1.0,7.0,7.0
1960,1960,1960,1960,,9,387,7.0,0.0,7.0,0.0,7.0,1.0,7.0,0.0,7.0,0.0,7.0,1.0,7.0,7.0
1961,1961,1961,1961,,43,153,6.0,1.0,6.0,1.0,6.0,1.0,6.0,2.0,6.0,1.0,6.0,1.0,6.0,6.0
1962,1962,1962,1962,,2,120,5.0,0.0,5.0,0.0,5.0,0.0,5.0,0.0,5.0,0.0,5.0,0.0,5.0,7.0
1963,1963,1963,1963,,30,42,6.0,1.0,6.0,1.0,6.0,1.0,6.0,2.0,6.0,1.0,6.0,1.0,6.0,7.0
1964,1964,1964,1964,,32,270,6.0,1.0,6.0,1.0,6.0,1.0,6.0,1.0,6.0,0.0,6.0,1.0,6.0,6.0
1965,1965,1965,1965,,0,154,6.0,0.0,6.0,0.0,6.0,0.0,6.0,0.0,6.0,0.0,6.0,0.0,6.0,7.0
1966,1966,1966,1966,,20,270,7.0,1.0,7.0,1.0,7.0,1.0,7.0,1.0,7.0,1.0,7.0,1.0,7.0,7.0
1967,1967,1967,1967,,23,49,7.0,1.0,7.0,0.0,7.0,0.0,7.0,1.0,7.0,0.0,7.0,0.0,7.0,7.0
1968,1968,1968,1968,,15,166,5.0,1.0,5.0,1.0,5.0,1.0,5.0,1.0,5.0,1.0,5.0,1.0,5.0,5.0
1969,1969,1969,1969,,0,155,6.0,0.0,6.0,0.0,6.0,0.0,6.0,0.0,6.0,0.0,6.0,0.0,6.0,6.0
1970,1970,1970,1970,,69,35,6.0,1.0,6.0,1.0,6.0,1.0,6.0,2.0,6.0,1.0,6.0,1.0,6.0,6.0
1971,1971,1971,1971,,22,218,6.0,0.0,6.0,1.0,6.0,1.0,6.0,1.0,6.0,0.0,6.0,0.0,6.0,6.0
1972,1972,1972,1972,,20,218,6.0,0.0,6.0,1.0,6.0,1.0,6.0,1.0,6.0,0.0,6.0,1.0,6.0,6.0
1973,1973,1973,1973,,1,770,6.0,0.0,6.0,0.0,6.0,0.0,6.0,0.0,6.0,0.0,6.0,0.0,6.0,7.0
1974,1974,1974,1974,,24,218,8.0,1.0,8.0,1.0,8.0,1.0,8.0,2.0,8.0,1.0,8.0,1.0,8.0,8.0
1975,1975,1975,1975,,2,156,6.0,0.0,6.0,0.0,6.0,0.0,6.0,0.0,6.0,0.0,6.0,0.0,6.0,6.0
1976,1976,1976,1976,,5,42,6.0,0.0,6.0,1.0,6.0,0.0,6.0,1.0,6.0,0.0,6.0,0.0,6.0,6.0
1977,1977,1977,1977,,5,218,6.0,0.0,6.0,0.0,6.0,0.0,6.0,0.0,6.0,0.0,6.0,0.0,6.0,7.0
1978,1978,1978,1978,,8,270,5.0,1.0,5.0,1.0,5.0,1.0,5.0,3.0,5.0,1.0,5.0,1.0,5.0,6.0
1979,1979,1979,1979,,3,272,6.0,0.0,6.0,0.0,6.0,0.0,6.0,0.0,6.0,0.0,6.0,0.0,6.0,6.0
1980,1980,1980,1980,,1,418,5.0,0.0,5.0,0.0,5.0,0.0,5.0,0.0,5.0,0.0,5.0,0.0,5.0,5.0
1981,1981,1981,1981,,5,388,5.0,0.0,5.0,0.0,5.0,0.0,5.0,0.0,5.0,0.0,5.0,0.0,5.0,6.0
1982,1982,1982,1982,,4,35,7.0,0.0,7.0,0.0,7.0,1.0,7.0,1.0,7.0,0.0,7.0,1.0,7.0,7.0
1983,1983,1983,1983,,2,35,4.0,0.0,4.0,0.0,4.0,0.0,4.0,0.0,4.0,0.0,4.0,0.0,4.0,5.0
1984,1984,1984,1984,,0,157,7.0,0.0,7.0,0.0,7.0,0.0,7.0,0.0,7.0,0.0,7.0,0.0,7.0,7.0
1985,1985,1985,1985,,7,217,5.0,0.0,5.0,1.0,5.0,1.0,5.0,10.0,8.0,0.0,8.0,1.0,8.0,6.0
1986,1986,1986,1986,,17,375,6.0,1.0,6.0,0.0,6.0,1.0,6.0,1.0,6.0,0.0,6.0,1.0,6.0,6.0
1987,1987,1987,1987,,23,92,8.0,1.0,8.0,1.0,8.0,1.0,8.0,2.0,8.0,0.0,8.0,1.0,8.0,8.0
1988,1988,1988,1988,,30,217,7.0,1.0,7.0,1.0,7.0,2.0,7.0,2.0,7.0,1.0,7.0,1.0,7.0,7.0
1989,1989,1989,1989,,9,166,6.0,1.0,6.0,1.0,6.0,1.0,6.0,1.0,6.0,1.0,6.0,1.0,6.0,6.0
1990,1990,1990,1990,,50,60,8.0,1.0,8.0,1.0,8.0,2.0,8.0,2.0,8.0,1.0,8.0,2.0,8.0,8.0
1991,1991,1991,1991,,26,60,7.0,2.0,7.0,1.0,7.0,1.0,7.0,2.0,7.0,1.0,7.0,2.0,7.0,7.0
1992,1992,1992,1992,,6,35,7.0,0.0,7.0,0.0,7.0,0.0,7.0,1.0,7.0,0.0,7.0,0.0,7.0,7.0
1993,1993,1993,1993,,24,218,6.0,1.0,6.0,1.0,6.0,1.0,6.0,2.0,6.0,0.0,6.0,1.0,6.0,7.0
1994,1994,1994,1994,,27,272,7.0,1.0,7.0,1.0,7.0,1.0,7.0,2.0,7.0,1.0,7.0,1.0,7.0,7.0
1995,1995,1995,1995,,14,142,7.0,1.0,7.0,1.0,7.0,1.0,7.0,2.0,7.0,0.0,7.0,1.0,7.0,7.0
1996,1996,1996,1996,,21,218,6.0,0.0,6.0,1.0,6.0,1.0,6.0,1.0,6.0,0.0,6.0,1.0,6.0,6.0
1997,1997,1997,1997,,8,166,8.0,1.0,8.0,1.0,8.0,1.0,8.0,1.0,8.0,0.0,8.0,1.0,8.0,8.0
1998,1998,1998,1998,,41,153,6.0,1.0,6.0,1.0,6.0,1.0,6.0,2.0,6.0,1.0,6.0,1.0,6.0,7.0
1999,1999,1999,1999,,0,158,5.0,0.0,5.0,0.0,5.0,0.0,5.0,0.0,5.0,0.0,5.0,0.0,5.0,5.0
2000,2000,2000,2000,,2,345,6.0,0.0,6.0,0.0,6.0,0.0,6.0,0.0,6.0,0.0,6.0,0.0,6.0,6.0
2001,2001,2001,2001,,0,159,6.0,0.0,6.0,0.0,6.0,0.0,6.0,0.0,6.0,0.0,6.0,0.0,6.0,7.0
2002,2002,2002,2002,,53,49,6.0,1.0,6.0,1.0,6.0,1.0,6.0,2.0,6.0,1.0,6.0,1.0,6.0,7.0
2003,2003,2003,2003,,1,42,4.0,0.0,4.0,0.0,4.0,0.0,4.0,0.0,4.0,0.0,4.0,0.0,4.0,5.0
2004,2004,2004,2004,,12,375,7.0,1.0,7.0,0.0,7.0,1.0,7.0,1.0,7.0,0.0,7.0,1.0,7.0,7.0
2005,2005,2005,2005,,0,160,7.0,0.0,7.0,0.0,7.0,0.0,7.0,0.0,7.0,0.0,7.0,0.0,7.0,7.0
2006,2006,2006,2006,,10,372,7.0,1.0,7.0,0.0,7.0,1.0,7.0,1.0,7.0,0.0,7.0,1.0,7.0,7.0
2007,2007,2007,2007,,17,34,6.0,0.0,6.0,2.0,6.0,1.0,6.0,1.0,6.0,0.0,6.0,1.0,6.0,7.0
2008,2008,2008,2008,,10,218,7.0,1.0,7.0,1.0,7.0,2.0,7.0,3.0,7.0,1.0,7.0,1.0,7.0,7.0
2009,2009,2009,2009,,0,161,7.0,0.0,7.0,0.0,7.0,0.0,7.0,0.0,7.0,0.0,7.0,0.0,7.0,7.0
2010,2010,2010,2010,,0,162,6.0,0.0,6.0,0.0,6.0,0.0,6.0,0.0,6.0,0.0,6.0,0.0,6.0,6.0
2011,2011,2011,2011,,30,49,6.0,1.0,6.0,0.0,6.0,1.0,6.0,1.0,6.0,0.0,6.0,1.0,6.0,6.0
2012,2012,2012,2012,,24,218,6.0,1.0,6.0,0.0,6.0,1.0,6.0,1.0,6.0,0.0,6.0,1.0,6.0,6.0
2013,2013,2013,2013,,1,163,7.0,0.0,7.0,0.0,7.0,0.0,7.0,0.0,7.0,0.0,7.0,0.0,7.0,7.0
2014,2014,2014,2014,,67,35,7.0,1.0,7.0,1.0,7.0,1.0,7.0,2.0,7.0,1.0,7.0,1.0,7.0,7.0
2015,2015,2015,2015,,6,34,7.0,0.0,7.0,0.0,7.0,0.0,7.0,0.0,7.0,0.0,7.0,0.0,7.0,7.0
2016,2016,2016,2016,,20,217,7.0,1.0,7.0,1.0,7.0,2.0,7.0,7.0,7.0,0.0,7.0,1.0,7.0,7.0
2017,2017,2017,2017,,14,799,7.0,0.0,7.0,0.0,7.0,0.0,7.0,2.0,7.0,0.0,7.0,0.0,7.0,7.0
2018,2018,2018,2018,,11,270,7.0,1.0,7.0,1.0,7.0,1.0,7.0,2.0,7.0,0.0,7.0,1.0,7.0,7.0
2019,2019,2019,2019,,3,42,6.0,0.0,6.0,1.0,6.0,0.0,6.0,1.0,6.0,0.0,6.0,0.0,6.0,7.0
2020,2020,2020,2020,,0,164,7.0,0.0,7.0,0.0,7.0,0.0,7.0,0.0,7.0,0.0,7.0,0.0,7.0,7.0
2021,2021,2021,2021,,4,166,6.0,0.0,6.0,0.0,6.0,0.0,6.0,1.0,6.0,0.0,6.0,0.0,6.0,6.0
2022,2022,2022,2022,,19,142,7.0,1.0,7.0,1.0,7.0,1.0,7.0,3.0,7.0,1.0,7.0,1.0,7.0,7.0
2023,2023,2023,2023,,15,166,5.0,1.0,5.0,2.0,5.0,1.0,5.0,1.0,5.0,1.0,5.0,1.0,5.0,6.0
2024,2024,2024,2024,,3,49,7.0,0.0,7.0,0.0,7.0,0.0,7.0,0.0,7.0,0.0,7.0,0.0,7.0,7.0
2025,2025,2025,2025,,6,218,7.0,0.0,7.0,2.0,7.0,0.0,7.0,1.0,7.0,0.0,7.0,0.0,7.0,7.0
2026,2026,2026,2026,,2,286,6.0,0.0,6.0,0.0,6.0,0.0,6.0,0.0,6.0,0.0,6.0,0.0,6.0,6.0
2027,2027,2027,2027,,63,16,7.0,2.0,7.0,1.0,7.0,1.0,7.0,6.0,7.0,1.0,7.0,2.0,7.0,7.0
2028,2028,2028,2028,,0,165,6.0,0.0,6.0,0.0,6.0,0.0,6.0,0.0,6.0,0.0,6.0,0.0,6.0,6.0
2029,2029,2029,2029,,18,217,7.0,1.0,7.0,1.0,7.0,1.0,7.0,1.0,7.0,0.0,7.0,1.0,7.0,7.0
2030,2030,2030,2030,,81,35,6.0,1.0,6.0,1.0,6.0,1.0,6.0,2.0,6.0,1.0,6.0,1.0,6.0,6.0
2031,2031,2031,2031,,26,49,6.0,1.0,6.0,1.0,6.0,1.0,6.0,1.0,6.0,1.0,6.0,1.0,6.0,6.0
2032,2032,2032,2032,,20,49,7.0,1.0,7.0,0.0,7.0,0.0,7.0,0.0,7.0,0.0,7.0,0.0,7.0,7.0
2033,2033,2033,2033,,17,35,5.0,1.0,5.0,2.0,5.0,1.0,5.0,1.0,5.0,1.0,5.0,1.0,5.0,5.0
2034,2034,2034,2034,,17,92,6.0,1.0,6.0,1.0,6.0,1.0,6.0,2.0,6.0,1.0,6.0,1.0,6.0,6.0
2035,2035,2035,2035,,28,375,6.0,1.0,6.0,1.0,6.0,1.0,6.0,1.0,6.0,1.0,6.0,1.0,6.0,6.0
2036,2036,2036,2036,,2,30,5.0,0.0,5.0,0.0,5.0,0.0,5.0,0.0,5.0,0.0,5.0,0.0,5.0,6.0
2037,2037,2037,2037,,2,42,6.0,0.0,6.0,0.0,6.0,0.0,6.0,0.0,6.0,0.0,6.0,0.0,6.0,6.0
2038,2038,2038,2038,,23,668,6.0,0.0,6.0,0.0,6.0,0.0,6.0,0.0,6.0,0.0,6.0,0.0,6.0,7.0
2039,2039,2039,2039,,70,35,6.0,1.0,6.0,1.0,6.0,1.0,6.0,2.0,6.0,1.0,6.0,1.0,6.0,7.0
2040,2040,2040,2040,,7,16,5.0,1.0,5.0,1.0,5.0,1.0,5.0,2.0,5.0,1.0,5.0,1.0,5.0,6.0
2041,2041,2041,2041,,14,375,6.0,1.0,6.0,0.0,6.0,1.0,6.0,1.0,6.0,1.0,6.0,1.0,6.0,6.0
2042,2042,2042,2042,,15,166,5.0,1.0,5.0,1.0,5.0,1.0,5.0,1.0,5.0,1.0,5.0,1.0,5.0,6.0
2043,2043,2043,2043,,53,389,6.0,1.0,6.0,1.0,6.0,1.0,6.0,2.0,6.0,0.0,6.0,1.0,6.0,7.0
2044,2044,2044,2044,,1,209,6.0,0.0,6.0,0.0,6.0,0.0,6.0,0.0,6.0,0.0,6.0,0.0,6.0,6.0
2045,2045,2045,2045,,3,35,6.0,0.0,6.0,0.0,6.0,1.0,6.0,1.0,6.0,0.0,6.0,0.0,6.0,6.0
2046,2046,2046,2046,,16,34,4.0,0.0,4.0,2.0,4.0,1.0,4.0,1.0,4.0,0.0,4.0,0.0,4.0,6.0
2047,2047,2047,2047,,2,167,4.0,0.0,4.0,0.0,4.0,0.0,4.0,0.0,4.0,0.0,4.0,0.0,4.0,6.0
2048,2048,2048,2048,,1,611,5.0,0.0,5.0,0.0,5.0,0.0,5.0,0.0,5.0,0.0,5.0,0.0,5.0,5.0
2049,2049,2049,2049,,2,372,4.0,0.0,4.0,0.0,4.0,0.0,4.0,0.0,4.0,0.0,4.0,0.0,4.0,4.0
2050,2050,2050,2050,,1,168,5.0,0.0,5.0,0.0,5.0,0.0,5.0,0.0,5.0,0.0,5.0,0.0,5.0,6.0
2051,2051,2051,2051,,3,372,6.0,0.0,6.0,0.0,6.0,0.0,6.0,0.0,6.0,0.0,6.0,0.0,6.0,6.0
2052,2052,2052,2052,,1,272,7.0,0.0,7.0,0.0,7.0,0.0,7.0,0.0,7.0,0.0,7.0,0.0,7.0,7.0
2053,2053,2053,2053,,2,509,7.0,0.0,7.0,0.0,7.0,0.0,7.0,0.0,7.0,0.0,7.0,0.0,7.0,7.0
2054,2054,2054,2054,,0,169,6.0,0.0,6.0,0.0,6.0,0.0,6.0,0.0,6.0,0.0,6.0,0.0,6.0,7.0
2055,2055,2055,2055,,64,360,6.0,2.0,6.0,1.0,6.0,1.0,6.0,2.0,6.0,5.0,6.0,1.0,6.0,7.0
2056,2056,2056,2056,,20,369,6.0,1.0,6.0,1.0,6.0,1.0,6.0,1.0,6.0,0.0,6.0,1.0,6.0,6.0
2057,2057,2057,2057,,6,217,7.0,0.0,7.0,0.0,7.0,2.0,7.0,1.0,7.0,0.0,7.0,1.0,7.0,8.0
2058,2058,2058,2058,,0,170,5.0,0.0,5.0,0.0,5.0,0.0,5.0,0.0,5.0,0.0,5.0,0.0,5.0,6.0
2059,2059,2059,2059,,0,171,7.0,0.0,7.0,0.0,7.0,0.0,7.0,0.0,7.0,0.0,7.0,0.0,7.0,7.0
2060,2060,2060,2060,,1,478,7.0,0.0,7.0,0.0,7.0,0.0,7.0,0.0,7.0,0.0,7.0,0.0,7.0,7.0
2061,2061,2061,2061,,93,360,7.0,2.0,7.0,1.0,7.0,1.0,7.0,2.0,7.0,3.0,7.0,1.0,7.0,7.0
2062,2062,2062,2062,,0,172,6.0,0.0,6.0,0.0,6.0,0.0,6.0,0.0,6.0,0.0,6.0,0.0,6.0,7.0
2063,2063,2063,2063,,9,153,7.0,0.0,7.0,0.0,7.0,0.0,7.0,0.0,7.0,0.0,7.0,0.0,7.0,7.0
2064,2064,2064,2064,,0,173,6.0,0.0,6.0,0.0,6.0,0.0,6.0,0.0,6.0,0.0,6.0,0.0,6.0,6.0
2065,2065,2065,2065,,20,387,6.0,0.0,6.0,0.0,6.0,0.0,6.0,0.0,6.0,0.0,6.0,0.0,6.0,6.0
2066,2066,2066,2066,,30,142,6.0,1.0,6.0,1.0,6.0,1.0,6.0,2.0,6.0,1.0,6.0,1.0,6.0,6.0
2067,2067,2067,2067,,23,270,7.0,1.0,7.0,0.0,7.0,1.0,7.0,1.0,7.0,1.0,7.0,1.0,7.0,7.0
2068,2068,2068,2068,,4,270,7.0,0.0,7.0,0.0,7.0,0.0,7.0,0.0,7.0,0.0,7.0,0.0,7.0,7.0
2069,2069,2069,2069,,1,774,5.0,0.0,5.0,0.0,5.0,0.0,5.0,0.0,5.0,0.0,5.0,0.0,5.0,7.0
2070,2070,2070,2070,,1,166,6.0,0.0,6.0,0.0,6.0,0.0,6.0,0.0,6.0,0.0,6.0,0.0,6.0,7.0
2071,2071,2071,2071,,111,35,7.0,1.0,7.0,1.0,7.0,2.0,7.0,2.0,7.0,1.0,7.0,1.0,7.0,7.0
2072,2072,2072,2072,,8,345,8.0,1.0,8.0,1.0,8.0,1.0,8.0,3.0,8.0,0.0,8.0,1.0,8.0,8.0
2073,2073,2073,2073,,5,238,7.0,0.0,7.0,0.0,7.0,0.0,7.0,0.0,7.0,0.0,7.0,0.0,7.0,7.0
2074,2074,2074,2074,,10,375,7.0,2.0,7.0,1.0,7.0,2.0,7.0,2.0,7.0,0.0,7.0,2.0,7.0,7.0
2075,2075,2075,2075,,2,388,6.0,0.0,6.0,0.0,6.0,1.0,6.0,1.0,6.0,0.0,6.0,1.0,6.0,7.0
2076,2076,2076,2076,,2,153,5.0,0.0,5.0,0.0,5.0,1.0,5.0,2.0,5.0,0.0,5.0,0.0,5.0,5.0
2077,2077,2077,2077,,9,92,7.0,1.0,7.0,0.0,7.0,0.0,7.0,1.0,7.0,0.0,7.0,1.0,7.0,7.0
2078,2078,2078,2078,,0,174,6.0,0.0,6.0,0.0,6.0,0.0,6.0,0.0,6.0,0.0,6.0,0.0,6.0,6.0
2079,2079,2079,2079,,0,175,7.0,0.0,7.0,0.0,7.0,0.0,7.0,0.0,7.0,0.0,7.0,0.0,7.0,7.0
2080,2080,2080,2080,,2,375,7.0,0.0,7.0,0.0,7.0,0.0,7.0,0.0,7.0,0.0,7.0,0.0,7.0,7.0
2081,2081,2081,2081,,0,176,6.0,0.0,6.0,0.0,6.0,0.0,6.0,0.0,6.0,0.0,6.0,0.0,6.0,6.0
2082,2082,2082,2082,,2,185,6.0,0.0,6.0,0.0,6.0,0.0,6.0,0.0,6.0,0.0,6.0,0.0,6.0,7.0
2083,2083,2083,2083,,0,177,6.0,0.0,6.0,0.0,6.0,0.0,6.0,0.0,6.0,0.0,6.0,0.0,6.0,6.0
2084,2084,2084,2084,,33,35,7.0,1.0,7.0,1.0,7.0,1.0,7.0,2.0,7.0,1.0,7.0,1.0,7.0,8.0
2085,2085,2085,2085,,83,60,8.0,1.0,8.0,1.0,8.0,2.0,8.0,2.0,8.0,1.0,8.0,3.0,8.0,8.0
2086,2086,2086,2086,,66,60,6.0,1.0,6.0,1.0,6.0,1.0,6.0,2.0,6.0,1.0,6.0,2.0,6.0,7.0
2087,2087,2087,2087,,81,60,7.0,1.0,7.0,1.0,7.0,2.0,7.0,2.0,7.0,1.0,7.0,3.0,7.0,7.0
2088,2088,2088,2088,,63,35,5.0,1.0,5.0,1.0,5.0,1.0,5.0,2.0,5.0,1.0,5.0,1.0,5.0,5.0
2089,2089,2089,2089,,18,16,6.0,3.0,6.0,0.0,6.0,1.0,6.0,3.0,6.0,1.0,6.0,1.0,6.0,7.0
2090,2090,2090,2090,,15,375,5.0,0.0,5.0,1.0,5.0,1.0,5.0,6.0,5.0,0.0,5.0,1.0,5.0,6.0
2091,2091,2091,2091,,35,35,8.0,1.0,8.0,1.0,8.0,1.0,8.0,2.0,8.0,1.0,8.0,1.0,8.0,8.0
2092,2092,2092,2092,,11,217,7.0,0.0,7.0,2.0,7.0,1.0,7.0,1.0,7.0,0.0,7.0,1.0,7.0,7.0
2093,2093,2093,2093,,3,166,6.0,0.0,6.0,0.0,6.0,0.0,6.0,0.0,6.0,0.0,6.0,0.0,6.0,6.0
2094,2094,2094,2094,,47,60,6.0,1.0,6.0,1.0,6.0,2.0,6.0,2.0,6.0,1.0,6.0,2.0,6.0,6.0
2095,2095,2095,2095,,5,42,5.0,0.0,5.0,0.0,5.0,0.0,5.0,1.0,5.0,0.0,5.0,0.0,5.0,6.0
2096,2096,2096,2096,,16,388,7.0,1.0,7.0,1.0,7.0,2.0,7.0,2.0,7.0,0.0,7.0,1.0,7.0,8.0
2097,2097,2097,2097,,31,42,5.0,1.0,5.0,1.0,5.0,1.0,5.0,2.0,5.0,0.0,5.0,1.0,5.0,6.0
2098,2098,2098,2098,,63,218,5.0,1.0,5.0,1.0,5.0,1.0,5.0,2.0,5.0,1.0,5.0,1.0,5.0,5.0
2099,2099,2099,2099,,14,49,7.0,0.0,7.0,0.0,7.0,0.0,7.0,1.0,7.0,0.0,7.0,0.0,7.0,7.0
2100,2100,2100,2100,,26,42,5.0,0.0,5.0,1.0,5.0,1.0,5.0,1.0,5.0,0.0,5.0,1.0,5.0,7.0
2101,2101,2101,2101,,2,393,6.0,0.0,6.0,0.0,6.0,0.0,6.0,0.0,6.0,0.0,6.0,0.0,6.0,7.0
2102,2102,2102,2102,,4,218,7.0,0.0,7.0,0.0,7.0,0.0,7.0,0.0,7.0,0.0,7.0,0.0,7.0,7.0
2103,2103,2103,2103,,6,388,7.0,0.0,7.0,0.0,7.0,0.0,7.0,0.0,7.0,1.0,7.0,0.0,7.0,7.0
2104,2104,2104,2104,,0,178,7.0,0.0,7.0,0.0,7.0,0.0,7.0,0.0,7.0,0.0,7.0,0.0,7.0,7.0
2105,2105,2105,2105,,77,16,8.0,3.0,8.0,1.0,8.0,1.0,8.0,3.0,8.0,1.0,8.0,1.0,8.0,8.0
2106,2106,2106,2106,,47,16,6.0,2.0,6.0,1.0,6.0,1.0,6.0,8.0,7.0,1.0,7.0,2.0,7.0,7.0
2107,2107,2107,2107,,5,238,6.0,0.0,6.0,0.0,6.0,0.0,6.0,0.0,6.0,0.0,6.0,0.0,6.0,6.0
2108,2108,2108,2108,,51,217,8.0,1.0,8.0,2.0,8.0,3.0,8.0,3.0,8.0,1.0,8.0,2.0,8.0,8.0
2109,2109,2109,2109,,3,270,8.0,1.0,8.0,0.0,8.0,0.0,8.0,0.0,8.0,0.0,8.0,0.0,8.0,8.0
2110,2110,2110,2110,,7,360,6.0,0.0,6.0,0.0,6.0,1.0,6.0,1.0,6.0,0.0,6.0,1.0,6.0,6.0
2111,2111,2111,2111,,5,217,7.0,0.0,7.0,0.0,7.0,2.0,7.0,1.0,7.0,0.0,7.0,1.0,7.0,8.0
2112,2112,2112,2112,,1,331,6.0,0.0,6.0,0.0,6.0,0.0,6.0,0.0,6.0,0.0,6.0,0.0,6.0,7.0
2113,2113,2113,2113,,29,42,4.0,1.0,4.0,2.0,4.0,1.0,4.0,1.0,4.0,0.0,4.0,1.0,4.0,4.0
2114,2114,2114,2114,,0,179,6.0,0.0,6.0,0.0,6.0,0.0,6.0,0.0,6.0,0.0,6.0,0.0,6.0,7.0
2115,2115,2115,2115,,10,49,7.0,1.0,7.0,0.0,7.0,1.0,7.0,1.0,7.0,0.0,7.0,0.0,7.0,8.0
2116,2116,2116,2116,,3,388,6.0,0.0,6.0,0.0,6.0,0.0,6.0,0.0,6.0,0.0,6.0,0.0,6.0,6.0
2117,2117,2117,2117,,12,218,5.0,1.0,5.0,3.0,5.0,1.0,5.0,1.0,5.0,1.0,5.0,1.0,5.0,5.0
2118,2118,2118,2118,,15,272,6.0,2.0,6.0,0.0,6.0,1.0,6.0,1.0,6.0,1.0,6.0,1.0,6.0,6.0
2119,2119,2119,2119,,31,16,6.0,3.0,6.0,1.0,6.0,1.0,6.0,4.0,6.0,1.0,6.0,1.0,6.0,6.0
2120,2120,2120,2120,,35,142,7.0,2.0,7.0,1.0,7.0,2.0,7.0,3.0,7.0,1.0,7.0,2.0,7.0,7.0
2121,2121,2121,2121,,31,16,7.0,2.0,7.0,1.0,7.0,1.0,7.0,2.0,7.0,1.0,7.0,1.0,7.0,8.0
2122,2122,2122,2122,,24,369,3.0,1.0,3.0,1.0,3.0,1.0,3.0,1.0,3.0,0.0,3.0,1.0,3.0,5.0
2123,2123,2123,2123,,49,35,8.0,1.0,8.0,1.0,8.0,1.0,8.0,2.0,8.0,1.0,8.0,1.0,8.0,8.0
2124,2124,2124,2124,,25,218,6.0,1.0,6.0,1.0,6.0,1.0,6.0,1.0,6.0,1.0,6.0,1.0,6.0,6.0
2125,2125,2125,2125,,28,42,5.0,1.0,5.0,8.0,7.0,1.0,7.0,2.0,7.0,1.0,7.0,1.0,7.0,6.0
2126,2126,2126,2126,,4,92,6.0,0.0,6.0,2.0,6.0,1.0,6.0,1.0,6.0,0.0,6.0,1.0,6.0,6.0
2127,2127,2127,2127,,14,142,6.0,2.0,6.0,1.0,6.0,1.0,6.0,2.0,6.0,1.0,6.0,1.0,6.0,7.0
2128,2128,2128,2128,,45,142,6.0,1.0,6.0,1.0,6.0,1.0,6.0,1.0,6.0,1.0,6.0,1.0,6.0,6.0
2129,2129,2129,2129,,22,387,6.0,0.0,6.0,0.0,6.0,0.0,6.0,0.0,6.0,0.0,6.0,0.0,6.0,7.0
2130,2130,2130,2130,,2,270,6.0,0.0,6.0,0.0,6.0,0.0,6.0,0.0,6.0,0.0,6.0,0.0,6.0,6.0
2131,2131,2131,2131,,4,360,7.0,0.0,7.0,0.0,7.0,0.0,7.0,0.0,7.0,1.0,7.0,0.0,7.0,7.0
2132,2132,2132,2132,,32,42,4.0,1.0,4.0,2.0,4.0,1.0,4.0,1.0,4.0,0.0,4.0,1.0,4.0,5.0
2133,2133,2133,2133,,10,387,7.0,0.0,7.0,0.0,7.0,0.0,7.0,1.0,7.0,0.0,7.0,0.0,7.0,7.0
2134,2134,2134,2134,,4,345,7.0,1.0,7.0,1.0,7.0,1.0,7.0,1.0,7.0,0.0,7.0,1.0,7.0,7.0
2135,2135,2135,2135,,4,360,7.0,1.0,7.0,1.0,7.0,1.0,7.0,1.0,7.0,2.0,7.0,1.0,7.0,7.0
2136,2136,2136,2136,,44,16,7.0,2.0,7.0,1.0,7.0,1.0,7.0,3.0,7.0,1.0,7.0,1.0,7.0,7.0
2137,2137,2137,2137,,34,389,5.0,1.0,5.0,1.0,5.0,1.0,5.0,1.0,5.0,0.0,5.0,1.0,5.0,6.0
2138,2138,2138,2138,,60,42,6.0,1.0,6.0,5.0,6.0,1.0,6.0,2.0,6.0,1.0,6.0,1.0,6.0,7.0
2139,2139,2139,2139,,10,35,5.0,1.0,5.0,1.0,5.0,1.0,5.0,1.0,5.0,1.0,5.0,1.0,5.0,5.0
2140,2140,2140,2140,,0,180,6.0,0.0,6.0,0.0,6.0,0.0,6.0,0.0,6.0,0.0,6.0,0.0,6.0,6.0
2141,2141,2141,2141,,6,217,7.0,0.0,7.0,1.0,7.0,1.0,7.0,1.0,7.0,0.0,7.0,0.0,7.0,7.0
2142,2142,2142,2142,,8,218,6.0,1.0,6.0,1.0,6.0,0.0,6.0,1.0,6.0,1.0,6.0,0.0,6.0,7.0
2143,2143,2143,2143,,71,142,5.0,1.0,5.0,1.0,5.0,1.0,5.0,2.0,5.0,1.0,5.0,2.0,5.0,6.0
2144,2144,2144,2144,,2,272,6.0,0.0,6.0,0.0,6.0,0.0,6.0,0.0,6.0,0.0,6.0,0.0,6.0,6.0
2145,2145,2145,2145,,13,42,6.0,0.0,6.0,1.0,6.0,1.0,6.0,1.0,6.0,0.0,6.0,1.0,6.0,7.0
2146,2146,2146,2146,,14,388,5.0,1.0,5.0,1.0,5.0,1.0,5.0,1.0,5.0,0.0,5.0,1.0,5.0,6.0
2147,2147,2147,2147,,2,391,6.0,0.0,6.0,0.0,6.0,0.0,6.0,0.0,6.0,0.0,6.0,0.0,6.0,7.0
2148,2148,2148,2148,,40,35,7.0,1.0,7.0,1.0,7.0,1.0,7.0,2.0,7.0,1.0,7.0,1.0,7.0,7.0
2149,2149,2149,2149,,15,217,5.0,1.0,5.0,1.0,5.0,1.0,5.0,2.0,5.0,0.0,5.0,1.0,5.0,5.0
2150,2150,2150,2150,,1,181,6.0,0.0,6.0,0.0,6.0,0.0,6.0,0.0,6.0,0.0,6.0,0.0,6.0,6.0
2151,2151,2151,2151,,38,217,7.0,1.0,7.0,1.0,7.0,1.0,7.0,2.0,7.0,0.0,7.0,1.0,7.0,7.0
2152,2152,2152,2152,,16,92,8.0,1.0,8.0,1.0,8.0,1.0,8.0,1.0,8.0,1.0,8.0,1.0,8.0,8.0
2153,2153,2153,2153,,6,166,6.0,0.0,6.0,0.0,6.0,0.0,6.0,0.0,6.0,0.0,6.0,0.0,6.0,6.0
2154,2154,2154,2154,,31,142,6.0,1.0,6.0,1.0,6.0,1.0,6.0,1.0,6.0,1.0,6.0,1.0,6.0,7.0
2155,2155,2155,2155,,9,375,7.0,1.0,7.0,1.0,7.0,1.0,7.0,1.0,7.0,0.0,7.0,1.0,7.0,7.0
2156,2156,2156,2156,,23,92,6.0,2.0,6.0,1.0,6.0,1.0,6.0,2.0,6.0,1.0,6.0,1.0,6.0,7.0
2157,2157,2157,2157,,13,388,6.0,0.0,6.0,1.0,6.0,2.0,6.0,1.0,6.0,0.0,6.0,1.0,6.0,6.0
2158,2158,2158,2158,,19,218,6.0,1.0,6.0,1.0,6.0,1.0,6.0,1.0,6.0,0.0,6.0,1.0,6.0,6.0
2159,2159,2159,2159,,23,92,6.0,1.0,6.0,1.0,6.0,1.0,6.0,2.0,6.0,1.0,6.0,1.0,6.0,7.0
2160,2160,2160,2160,,37,166,5.0,1.0,5.0,1.0,5.0,1.0,5.0,2.0,5.0,1.0,5.0,1.0,5.0,6.0
2161,2161,2161,2161,,17,34,7.0,0.0,7.0,2.0,7.0,1.0,7.0,1.0,7.0,0.0,7.0,1.0,7.0,7.0
2162,2162,2162,2162,,0,182,5.0,0.0,5.0,0.0,5.0,0.0,5.0,0.0,5.0,0.0,5.0,0.0,5.0,6.0
2163,2163,2163,2163,,29,272,5.0,1.0,5.0,1.0,5.0,1.0,5.0,1.0,5.0,0.0,5.0,2.0,5.0,7.0
2164,2164,2164,2164,,26,270,6.0,1.0,6.0,1.0,6.0,1.0,6.0,2.0,6.0,2.0,6.0,1.0,6.0,7.0
2165,2165,2165,2165,,22,35,5.0,1.0,5.0,1.0,5.0,1.0,5.0,2.0,5.0,1.0,5.0,1.0,5.0,6.0
2166,2166,2166,2166,,69,217,7.0,1.0,7.0,2.0,7.0,2.0,7.0,3.0,7.0,1.0,7.0,2.0,7.0,7.0
2167,2167,2167,2167,,7,35,7.0,0.0,7.0,0.0,7.0,0.0,7.0,0.0,7.0,0.0,7.0,0.0,7.0,7.0
2168,2168,2168,2168,,34,218,6.0,1.0,6.0,1.0,6.0,1.0,6.0,2.0,6.0,0.0,6.0,1.0,6.0,7.0
2169,2169,2169,2169,,10,799,6.0,0.0,6.0,0.0,6.0,0.0,6.0,0.0,6.0,0.0,6.0,0.0,6.0,7.0
2170,2170,2170,2170,,9,799,8.0,0.0,8.0,0.0,8.0,0.0,8.0,0.0,8.0,0.0,8.0,0.0,8.0,8.0
2171,2171,2171,2171,,58,270,5.0,1.0,5.0,1.0,5.0,2.0,5.0,2.0,5.0,1.0,5.0,1.0,5.0,6.0
2172,2172,2172,2172,,2,281,7.0,0.0,7.0,0.0,7.0,0.0,7.0,0.0,7.0,0.0,7.0,0.0,7.0,7.0
2173,2173,2173,2173,,7,270,6.0,1.0,6.0,0.0,6.0,1.0,6.0,1.0,6.0,3.0,6.0,1.0,6.0,6.0
2174,2174,2174,2174,,1,493,5.0,0.0,5.0,0.0,5.0,0.0,5.0,0.0,5.0,0.0,5.0,0.0,5.0,5.0
2175,2175,2175,2175,,13,272,7.0,1.0,7.0,1.0,7.0,1.0,7.0,1.0,7.0,0.0,7.0,1.0,7.0,8.0
2176,2176,2176,2176,,1,42,7.0,0.0,7.0,3.0,7.0,0.0,7.0,0.0,7.0,0.0,7.0,0.0,7.0,7.0
2177,2177,2177,2177,,31,218,7.0,1.0,7.0,1.0,7.0,1.0,7.0,1.0,7.0,0.0,7.0,1.0,7.0,7.0
2178,2178,2178,2178,,13,35,8.0,1.0,8.0,0.0,8.0,1.0,8.0,1.0,8.0,0.0,8.0,1.0,8.0,8.0
2179,2179,2179,2179,,112,35,6.0,1.0,6.0,1.0,6.0,1.0,6.0,2.0,6.0,1.0,6.0,1.0,6.0,6.0
2180,2180,2180,2180,,0,183,5.0,0.0,5.0,0.0,5.0,0.0,5.0,0.0,5.0,0.0,5.0,0.0,5.0,5.0
2181,2181,2181,2181,,53,35,7.0,1.0,7.0,1.0,7.0,1.0,7.0,1.0,7.0,1.0,7.0,1.0,7.0,7.0
2182,2182,2182,2182,,0,184,6.0,0.0,6.0,0.0,6.0,0.0,6.0,0.0,6.0,0.0,6.0,0.0,6.0,7.0
2183,2183,2183,2183,,2,185,6.0,0.0,6.0,0.0,6.0,0.0,6.0,0.0,6.0,0.0,6.0,0.0,6.0,7.0
2184,2184,2184,2184,,4,345,7.0,0.0,7.0,0.0,7.0,0.0,7.0,0.0,7.0,0.0,7.0,0.0,7.0,8.0
2185,2185,2185,2185,,0,186,4.0,0.0,4.0,0.0,4.0,0.0,4.0,0.0,4.0,0.0,4.0,0.0,4.0,6.0
2186,2186,2186,2186,,12,92,7.0,1.0,7.0,0.0,7.0,1.0,7.0,1.0,7.0,0.0,7.0,1.0,7.0,7.0
2187,2187,2187,2187,,12,387,7.0,0.0,7.0,0.0,7.0,0.0,7.0,1.0,7.0,0.0,7.0,0.0,7.0,7.0
2188,2188,2188,2188,,28,217,6.0,1.0,6.0,1.0,6.0,4.0,6.0,3.0,6.0,1.0,6.0,3.0,6.0,7.0
2189,2189,2189,2189,,23,218,5.0,1.0,5.0,1.0,5.0,1.0,5.0,2.0,5.0,0.0,5.0,1.0,5.0,6.0
2190,2190,2190,2190,,7,375,5.0,0.0,5.0,1.0,5.0,0.0,5.0,0.0,5.0,0.0,5.0,0.0,5.0,5.0
2191,2191,2191,2191,,5,883,7.0,0.0,7.0,0.0,7.0,0.0,7.0,0.0,7.0,0.0,7.0,0.0,7.0,7.0
2192,2192,2192,2192,,5,799,7.0,0.0,7.0,0.0,7.0,0.0,7.0,0.0,7.0,0.0,7.0,0.0,7.0,7.0
2193,2193,2193,2193,,2,35,6.0,0.0,6.0,0.0,6.0,0.0,6.0,0.0,6.0,0.0,6.0,0.0,6.0,6.0
2194,2194,2194,2194,,15,42,3.0,1.0,3.0,1.0,3.0,1.0,3.0,1.0,3.0,0.0,3.0,1.0,3.0,5.0
2195,2195,2195,2195,,10,92,6.0,1.0,6.0,1.0,6.0,1.0,6.0,1.0,6.0,0.0,6.0,1.0,6.0,7.0
2196,2196,2196,2196,,28,42,7.0,1.0,7.0,8.0,7.0,1.0,7.0,2.0,7.0,1.0,7.0,1.0,7.0,7.0
2197,2197,2197,2197,,0,187,6.0,0.0,6.0,0.0,6.0,0.0,6.0,0.0,6.0,0.0,6.0,0.0,6.0,6.0
2198,2198,2198,2198,,7,272,6.0,0.0,6.0,0.0,6.0,0.0,6.0,0.0,6.0,1.0,6.0,0.0,6.0,7.0
2199,2199,2199,2199,,45,218,5.0,1.0,5.0,1.0,5.0,1.0,5.0,2.0,5.0,1.0,5.0,1.0,5.0,5.0
2200,2200,2200,2200,,34,217,6.0,1.0,6.0,1.0,6.0,2.0,6.0,2.0,6.0,0.0,6.0,2.0,6.0,7.0
2201,2201,2201,2201,,20,387,7.0,0.0,7.0,0.0,7.0,0.0,7.0,0.0,7.0,0.0,7.0,0.0,7.0,8.0
2202,2202,2202,2202,,1,464,6.0,0.0,6.0,0.0,6.0,0.0,6.0,0.0,6.0,0.0,6.0,0.0,6.0,6.0
2203,2203,2203,2203,,30,272,6.0,1.0,6.0,1.0,6.0,1.0,6.0,1.0,6.0,2.0,6.0,1.0,6.0,7.0
2204,2204,2204,2204,,64,16,6.0,3.0,6.0,1.0,6.0,1.0,6.0,4.0,6.0,1.0,6.0,1.0,6.0,6.0
2205,2205,2205,2205,,3,388,6.0,0.0,6.0,0.0,6.0,0.0,6.0,0.0,6.0,0.0,6.0,0.0,6.0,7.0
2206,2206,2206,2206,,27,92,6.0,1.0,6.0,1.0,6.0,1.0,6.0,2.0,6.0,2.0,6.0,1.0,6.0,7.0
2207,2207,2207,2207,,17,272,6.0,1.0,6.0,1.0,6.0,1.0,6.0,1.0,6.0,0.0,6.0,2.0,6.0,7.0
2208,2208,2208,2208,,28,92,7.0,1.0,7.0,1.0,7.0,1.0,7.0,2.0,7.0,1.0,7.0,1.0,7.0,7.0
2209,2209,2209,2209,,0,188,5.0,0.0,5.0,0.0,5.0,0.0,5.0,0.0,5.0,0.0,5.0,0.0,5.0,6.0
2210,2210,2210,2210,,35,218,6.0,1.0,6.0,1.0,6.0,1.0,6.0,2.0,6.0,1.0,6.0,1.0,6.0,6.0
2211,2211,2211,2211,,23,49,6.0,1.0,6.0,0.0,6.0,0.0,6.0,1.0,6.0,0.0,6.0,0.0,6.0,7.0
2212,2212,2212,2212,,1,189,6.0,0.0,6.0,0.0,6.0,0.0,6.0,0.0,6.0,0.0,6.0,0.0,6.0,7.0
2213,2213,2213,2213,,20,387,7.0,0.0,7.0,0.0,7.0,0.0,7.0,0.0,7.0,0.0,7.0,0.0,7.0,7.0
2214,2214,2214,2214,,75,142,5.0,1.0,5.0,1.0,5.0,1.0,5.0,2.0,5.0,1.0,5.0,1.0,5.0,6.0
2215,2215,2215,2215,,75,35,6.0,1.0,6.0,1.0,6.0,1.0,6.0,2.0,6.0,1.0,6.0,1.0,6.0,7.0
2216,2216,2216,2216,,24,49,6.0,1.0,6.0,0.0,6.0,1.0,6.0,1.0,6.0,0.0,6.0,1.0,6.0,6.0
2217,2217,2217,2217,,25,387,7.0,0.0,7.0,0.0,7.0,0.0,7.0,0.0,7.0,0.0,7.0,0.0,7.0,7.0
2218,2218,2218,2218,,13,388,7.0,1.0,7.0,1.0,7.0,2.0,7.0,1.0,7.0,0.0,7.0,1.0,7.0,7.0
2219,2219,2219,2219,,19,375,7.0,1.0,7.0,1.0,7.0,2.0,7.0,2.0,7.0,1.0,7.0,1.0,7.0,7.0
2220,2220,2220,2220,,2,272,2.0,0.0,2.0,0.0,2.0,0.0,2.0,0.0,2.0,0.0,2.0,0.0,2.0,3.0
2221,2221,2221,2221,,1,190,5.0,0.0,5.0,0.0,5.0,0.0,5.0,0.0,5.0,0.0,5.0,0.0,5.0,7.0
2222,2222,2222,2222,,1,190,5.0,0.0,5.0,0.0,5.0,0.0,5.0,0.0,5.0,0.0,5.0,0.0,5.0,6.0
2223,2223,2223,2223,,0,191,6.0,0.0,6.0,0.0,6.0,0.0,6.0,0.0,6.0,0.0,6.0,0.0,6.0,7.0
2224,2224,2224,2224,,1,49,7.0,0.0,7.0,0.0,7.0,0.0,7.0,0.0,7.0,0.0,7.0,0.0,7.0,7.0
2225,2225,2225,2225,,8,217,7.0,1.0,7.0,0.0,7.0,1.0,7.0,1.0,7.0,0.0,7.0,1.0,7.0,7.0
2226,2226,2226,2226,,0,192,3.0,0.0,3.0,0.0,3.0,0.0,3.0,0.0,3.0,0.0,3.0,0.0,3.0,4.0
2227,2227,2227,2227,,9,42,6.0,1.0,6.0,2.0,6.0,1.0,6.0,1.0,6.0,0.0,6.0,1.0,6.0,6.0
2228,2228,2228,2228,,2,166,4.0,0.0,4.0,0.0,4.0,0.0,4.0,0.0,4.0,0.0,4.0,0.0,4.0,5.0
2229,2229,2229,2229,,17,35,5.0,1.0,5.0,1.0,5.0,1.0,5.0,2.0,5.0,1.0,5.0,1.0,5.0,7.0
2230,2230,2230,2230,,52,218,6.0,1.0,6.0,1.0,6.0,1.0,6.0,2.0,6.0,1.0,6.0,1.0,6.0,6.0
2231,2231,2231,2231,,0,193,5.0,0.0,5.0,0.0,5.0,0.0,5.0,0.0,5.0,0.0,5.0,0.0,5.0,5.0
2232,2232,2232,2232,,0,194,7.0,0.0,7.0,0.0,7.0,0.0,7.0,0.0,7.0,0.0,7.0,0.0,7.0,7.0
2233,2233,2233,2233,,1,375,7.0,0.0,7.0,0.0,7.0,0.0,7.0,0.0,7.0,0.0,7.0,0.0,7.0,7.0
2234,2234,2234,2234,,33,35,6.0,1.0,6.0,1.0,6.0,1.0,6.0,2.0,6.0,1.0,6.0,1.0,6.0,6.0
2235,2235,2235,2235,,42,49,7.0,1.0,7.0,1.0,7.0,1.0,7.0,1.0,7.0,1.0,7.0,1.0,7.0,7.0
2236,2236,2236,2236,,19,375,7.0,1.0,7.0,2.0,7.0,1.0,7.0,1.0,7.0,1.0,7.0,1.0,7.0,7.0
2237,2237,2237,2237,,4,195,3.0,0.0,3.0,0.0,3.0,0.0,3.0,0.0,3.0,0.0,3.0,0.0,3.0,5.0
2238,2238,2238,2238,,0,196,5.0,0.0,5.0,0.0,5.0,0.0,5.0,0.0,5.0,0.0,5.0,0.0,5.0,6.0
2239,2239,2239,2239,,35,49,6.0,1.0,6.0,1.0,6.0,1.0,6.0,1.0,6.0,1.0,6.0,1.0,6.0,6.0
2240,2240,2240,2240,,0,197,7.0,0.0,7.0,0.0,7.0,0.0,7.0,0.0,7.0,0.0,7.0,0.0,7.0,7.0
2241,2241,2241,2241,,6,375,6.0,0.0,6.0,0.0,6.0,0.0,6.0,0.0,6.0,0.0,6.0,0.0,6.0,6.0
2242,2242,2242,2242,,0,198,6.0,0.0,6.0,0.0,6.0,0.0,6.0,0.0,6.0,0.0,6.0,0.0,6.0,7.0
2243,2243,2243,2243,,1,49,7.0,0.0,7.0,0.0,7.0,0.0,7.0,0.0,7.0,0.0,7.0,0.0,7.0,7.0
2244,2244,2244,2244,,6,389,5.0,1.0,5.0,1.0,5.0,1.0,5.0,1.0,5.0,0.0,5.0,1.0,5.0,6.0
2245,2245,2245,2245,,8,388,7.0,1.0,7.0,1.0,7.0,1.0,7.0,2.0,7.0,1.0,7.0,1.0,7.0,8.0
2246,2246,2246,2246,,19,92,7.0,1.0,7.0,1.0,7.0,1.0,7.0,2.0,7.0,0.0,7.0,1.0,7.0,8.0
2247,2247,2247,2247,,4,92,8.0,0.0,8.0,0.0,8.0,0.0,8.0,1.0,8.0,0.0,8.0,0.0,8.0,9.0
2248,2248,2248,2248,,1,199,6.0,0.0,6.0,0.0,6.0,0.0,6.0,0.0,6.0,0.0,6.0,0.0,6.0,6.0
2249,2249,2249,2249,,0,200,5.0,0.0,5.0,0.0,5.0,0.0,5.0,0.0,5.0,0.0,5.0,0.0,5.0,5.0
2250,2250,2250,2250,,7,375,7.0,0.0,7.0,0.0,7.0,1.0,7.0,1.0,7.0,0.0,7.0,1.0,7.0,8.0
2251,2251,2251,2251,,7,218,7.0,1.0,7.0,0.0,7.0,1.0,7.0,1.0,7.0,0.0,7.0,1.0,7.0,7.0
2252,2252,2252,2252,,7,375,3.0,0.0,3.0,0.0,3.0,0.0,3.0,1.0,3.0,0.0,3.0,0.0,3.0,4.0
2253,2253,2253,2253,,1,153,7.0,0.0,7.0,0.0,7.0,0.0,7.0,0.0,7.0,0.0,7.0,0.0,7.0,8.0
2254,2254,2254,2254,,3,375,7.0,0.0,7.0,0.0,7.0,0.0,7.0,0.0,7.0,0.0,7.0,0.0,7.0,7.0
2255,2255,2255,2255,,61,35,6.0,1.0,6.0,1.0,6.0,1.0,6.0,2.0,6.0,1.0,6.0,1.0,6.0,6.0
2256,2256,2256,2256,,0,201,2.0,0.0,2.0,0.0,2.0,0.0,2.0,0.0,2.0,0.0,2.0,0.0,2.0,3.0
2257,2257,2257,2257,,16,360,5.0,1.0,5.0,1.0,5.0,1.0,5.0,1.0,5.0,1.0,5.0,1.0,5.0,6.0
2258,2258,2258,2258,,15,60,6.0,1.0,6.0,1.0,6.0,1.0,6.0,2.0,6.0,0.0,6.0,1.0,6.0,6.0
2259,2259,2259,2259,,0,202,6.0,0.0,6.0,0.0,6.0,0.0,6.0,0.0,6.0,0.0,6.0,0.0,6.0,6.0
2260,2260,2260,2260,,0,203,6.0,0.0,6.0,0.0,6.0,0.0,6.0,0.0,6.0,0.0,6.0,0.0,6.0,6.0
2261,2261,2261,2261,,24,272,6.0,1.0,6.0,1.0,6.0,1.0,6.0,1.0,6.0,1.0,6.0,1.0,6.0,7.0
2262,2262,2262,2262,,2,345,6.0,0.0,6.0,0.0,6.0,0.0,6.0,0.0,6.0,0.0,6.0,0.0,6.0,6.0
2263,2263,2263,2263,,2,16,6.0,0.0,6.0,0.0,6.0,0.0,6.0,4.0,6.0,0.0,6.0,0.0,6.0,6.0
2264,2264,2264,2264,,15,272,5.0,2.0,5.0,0.0,5.0,1.0,5.0,1.0,5.0,1.0,5.0,1.0,5.0,6.0
2265,2265,2265,2265,,10,668,6.0,0.0,6.0,0.0,6.0,0.0,6.0,0.0,6.0,0.0,6.0,0.0,6.0,6.0
2266,2266,2266,2266,,5,49,6.0,1.0,6.0,0.0,6.0,1.0,6.0,1.0,6.0,0.0,6.0,1.0,6.0,6.0
2267,2267,2267,2267,,2,35,5.0,0.0,5.0,0.0,5.0,0.0,5.0,0.0,5.0,0.0,5.0,0.0,5.0,6.0
2268,2268,2268,2268,,1,204,7.0,0.0,7.0,0.0,7.0,0.0,7.0,0.0,7.0,0.0,7.0,0.0,7.0,7.0
2269,2269,2269,2269,,11,375,6.0,1.0,6.0,1.0,6.0,1.0,6.0,1.0,6.0,0.0,6.0,1.0,6.0,7.0
2270,2270,2270,2270,,0,205,5.0,0.0,5.0,0.0,5.0,0.0,5.0,0.0,5.0,0.0,5.0,0.0,5.0,6.0
2271,2271,2271,2271,,0,206,5.0,0.0,5.0,0.0,5.0,0.0,5.0,0.0,5.0,0.0,5.0,0.0,5.0,5.0
2272,2272,2272,2272,,0,207,1.0,0.0,1.0,0.0,1.0,0.0,1.0,0.0,1.0,0.0,1.0,0.0,1.0,2.0
2273,2273,2273,2273,,0,208,6.0,0.0,6.0,0.0,6.0,0.0,6.0,0.0,6.0,0.0,6.0,0.0,6.0,6.0
2274,2274,2274,2274,,27,389,5.0,1.0,5.0,1.0,5.0,2.0,5.0,2.0,5.0,0.0,5.0,1.0,5.0,6.0
2275,2275,2275,2275,,7,166,6.0,2.0,6.0,0.0,6.0,0.0,6.0,1.0,6.0,0.0,6.0,1.0,6.0,6.0
2276,2276,2276,2276,,33,49,7.0,1.0,7.0,1.0,7.0,1.0,7.0,1.0,7.0,0.0,7.0,1.0,7.0,7.0
2277,2277,2277,2277,,1,209,7.0,0.0,7.0,0.0,7.0,0.0,7.0,0.0,7.0,0.0,7.0,0.0,7.0,8.0
2278,2278,2278,2278,,27,387,8.0,0.0,8.0,0.0,8.0,0.0,8.0,1.0,8.0,1.0,8.0,0.0,8.0,8.0
2279,2279,2279,2279,,25,218,5.0,1.0,5.0,1.0,5.0,1.0,5.0,1.0,5.0,1.0,5.0,1.0,5.0,6.0
2280,2280,2280,2280,,0,210,7.0,0.0,7.0,0.0,7.0,0.0,7.0,0.0,7.0,0.0,7.0,0.0,7.0,7.0
2281,2281,2281,2281,,58,345,6.0,1.0,6.0,1.0,6.0,2.0,6.0,3.0,6.0,1.0,6.0,2.0,6.0,6.0
2282,2282,2282,2282,,97,35,7.0,1.0,7.0,1.0,7.0,1.0,7.0,2.0,7.0,1.0,7.0,1.0,7.0,7.0
2283,2283,2283,2283,,26,142,5.0,1.0,5.0,1.0,5.0,1.0,5.0,2.0,5.0,1.0,5.0,1.0,5.0,6.0
2284,2284,2284,2284,,6,372,8.0,0.0,8.0,0.0,8.0,0.0,8.0,0.0,8.0,0.0,8.0,0.0,8.0,8.0
2285,2285,2285,2285,,98,60,8.0,1.0,8.0,1.0,8.0,2.0,8.0,3.0,8.0,1.0,8.0,5.0,8.0,8.0
2286,2286,2286,2286,,24,142,6.0,1.0,6.0,1.0,6.0,1.0,6.0,2.0,6.0,1.0,6.0,2.0,6.0,6.0
2287,2287,2287,2287,,5,238,6.0,0.0,6.0,0.0,6.0,0.0,6.0,0.0,6.0,0.0,6.0,0.0,6.0,6.0
2288,2288,2288,2288,,0,211,4.0,0.0,4.0,0.0,4.0,0.0,4.0,0.0,4.0,0.0,4.0,0.0,4.0,5.0
2289,2289,2289,2289,,16,218,6.0,1.0,6.0,3.0,6.0,1.0,6.0,1.0,6.0,1.0,6.0,1.0,6.0,6.0
2290,2290,2290,2290,,56,345,5.0,1.0,5.0,1.0,5.0,2.0,5.0,3.0,5.0,1.0,5.0,2.0,5.0,6.0
2291,2291,2291,2291,,1,212,7.0,0.0,7.0,0.0,7.0,0.0,7.0,0.0,7.0,0.0,7.0,0.0,7.0,7.0
2292,2292,2292,2292,,0,213,5.0,0.0,5.0,0.0,5.0,0.0,5.0,0.0,5.0,0.0,5.0,0.0,5.0,5.0
2293,2293,2293,2293,,37,389,6.0,1.0,6.0,1.0,6.0,1.0,6.0,2.0,6.0,0.0,6.0,1.0,6.0,6.0
2294,2294,2294,2294,,4,92,8.0,0.0,8.0,0.0,8.0,0.0,8.0,1.0,8.0,0.0,8.0,0.0,8.0,8.0
2295,2295,2295,2295,,0,214,6.0,0.0,6.0,0.0,6.0,0.0,6.0,0.0,6.0,0.0,6.0,0.0,6.0,7.0
2296,2296,2296,2296,,15,217,7.0,1.0,7.0,2.0,7.0,1.0,7.0,1.0,7.0,0.0,7.0,1.0,7.0,7.0
2297,2297,2297,2297,,47,60,7.0,1.0,7.0,1.0,7.0,2.0,7.0,2.0,7.0,1.0,7.0,2.0,7.0,8.0
2298,2298,2298,2298,,10,345,6.0,0.0,6.0,0.0,6.0,1.0,6.0,1.0,6.0,0.0,6.0,1.0,6.0,6.0
2299,2299,2299,2299,,2,517,6.0,0.0,6.0,0.0,6.0,0.0,6.0,0.0,6.0,0.0,6.0,0.0,6.0,7.0
2300,2300,2300,2300,,0,215,6.0,0.0,6.0,0.0,6.0,0.0,6.0,0.0,6.0,0.0,6.0,0.0,6.0,6.0
2301,2301,2301,2301,,2,166,6.0,0.0,6.0,0.0,6.0,0.0,6.0,0.0,6.0,0.0,6.0,0.0,6.0,6.0
2302,2302,2302,2302,,6,389,6.0,0.0,6.0,0.0,6.0,0.0,6.0,0.0,6.0,0.0,6.0,0.0,6.0,6.0
2303,2303,2303,2303,,0,216,6.0,0.0,6.0,0.0,6.0,0.0,6.0,0.0,6.0,0.0,6.0,0.0,6.0,6.0
2304,2304,2304,2304,,1,35,6.0,0.0,6.0,0.0,6.0,0.0,6.0,0.0,6.0,0.0,6.0,0.0,6.0,6.0
2305,2305,2305,2305,,4,60,7.0,0.0,7.0,0.0,7.0,1.0,7.0,1.0,7.0,0.0,7.0,1.0,7.0,7.0
2306,2306,2306,2306,,31,60,6.0,1.0,6.0,1.0,6.0,1.0,6.0,2.0,6.0,1.0,6.0,1.0,6.0,7.0
2307,2307,2307,2307,,27,375,7.0,1.0,7.0,1.0,7.0,1.0,7.0,1.0,7.0,1.0,7.0,1.0,7.0,7.0
2308,2308,2308,2308,,36,217,6.0,1.0,6.0,1.0,6.0,1.0,6.0,2.0,6.0,0.0,6.0,1.0,6.0,6.0
2309,2309,2309,2309,,1,217,6.0,0.0,6.0,0.0,6.0,2.0,6.0,1.0,6.0,0.0,6.0,1.0,6.0,7.0
2310,2310,2310,2310,,6,49,7.0,0.0,7.0,0.0,7.0,0.0,7.0,0.0,7.0,0.0,7.0,0.0,7.0,8.0
2311,2311,2311,2311,,16,142,6.0,1.0,6.0,1.0,6.0,1.0,6.0,1.0,6.0,0.0,6.0,1.0,6.0,6.0
2312,2312,2312,2312,,42,218,6.0,1.0,6.0,2.0,6.0,1.0,6.0,2.0,6.0,1.0,6.0,1.0,6.0,6.0
2313,2313,2313,2313,,26,270,7.0,1.0,7.0,1.0,7.0,1.0,7.0,1.0,7.0,1.0,7.0,2.0,7.0,7.0
2314,2314,2314,2314,,35,35,7.0,1.0,7.0,1.0,7.0,1.0,7.0,2.0,7.0,1.0,7.0,1.0,7.0,7.0
2315,2315,2315,2315,,4,218,7.0,0.0,7.0,0.0,7.0,0.0,7.0,0.0,7.0,0.0,7.0,0.0,7.0,7.0
2316,2316,2316,2316,,22,218,6.0,0.0,6.0,1.0,6.0,1.0,6.0,1.0,6.0,0.0,6.0,1.0,6.0,6.0
2317,2317,2317,2317,,48,60,6.0,1.0,6.0,1.0,6.0,1.0,6.0,2.0,6.0,1.0,6.0,2.0,6.0,7.0
2318,2318,2318,2318,,6,668,6.0,0.0,6.0,2.0,6.0,0.0,6.0,1.0,6.0,0.0,6.0,1.0,6.0,7.0
2319,2319,2319,2319,,2,20,6.0,0.0,6.0,0.0,6.0,0.0,6.0,0.0,6.0,0.0,6.0,0.0,6.0,6.0
2320,2320,2320,2320,,0,219,4.0,0.0,4.0,0.0,4.0,0.0,4.0,0.0,4.0,0.0,4.0,0.0,4.0,4.0
2321,2321,2321,2321,,0,220,6.0,0.0,6.0,0.0,6.0,0.0,6.0,0.0,6.0,0.0,6.0,0.0,6.0,6.0
2322,2322,2322,2322,,0,221,6.0,0.0,6.0,0.0,6.0,0.0,6.0,0.0,6.0,0.0,6.0,0.0,6.0,6.0
2323,2323,2323,2323,,14,375,7.0,0.0,7.0,1.0,7.0,0.0,7.0,1.0,7.0,0.0,7.0,0.0,7.0,7.0
2324,2324,2324,2324,,19,42,7.0,0.0,7.0,1.0,7.0,1.0,7.0,1.0,7.0,0.0,7.0,1.0,7.0,7.0
2325,2325,2325,2325,,11,389,6.0,1.0,6.0,1.0,6.0,1.0,6.0,2.0,6.0,1.0,6.0,1.0,6.0,6.0
2326,2326,2326,2326,,2,42,6.0,0.0,6.0,0.0,6.0,0.0,6.0,0.0,6.0,0.0,6.0,0.0,6.0,7.0
2327,2327,2327,2327,,47,369,7.0,1.0,7.0,1.0,7.0,2.0,7.0,3.0,7.0,1.0,7.0,8.0,8.0,7.0
2328,2328,2328,2328,,5,375,8.0,0.0,8.0,0.0,8.0,1.0,8.0,1.0,8.0,0.0,8.0,1.0,8.0,8.0
2329,2329,2329,2329,,19,42,5.0,1.0,5.0,1.0,5.0,1.0,5.0,1.0,5.0,0.0,5.0,1.0,5.0,5.0
2330,2330,2330,2330,,25,218,7.0,1.0,7.0,1.0,7.0,1.0,7.0,1.0,7.0,0.0,7.0,1.0,7.0,7.0
2331,2331,2331,2331,,56,345,6.0,1.0,6.0,1.0,6.0,2.0,6.0,3.0,6.0,1.0,6.0,2.0,6.0,7.0
2332,2332,2332,2332,,23,375,7.0,1.0,7.0,1.0,7.0,2.0,7.0,2.0,7.0,0.0,7.0,2.0,7.0,7.0
2333,2333,2333,2333,,44,387,6.0,0.0,6.0,0.0,6.0,0.0,6.0,1.0,6.0,0.0,6.0,0.0,6.0,6.0
2334,2334,2334,2334,,11,387,7.0,0.0,7.0,0.0,7.0,1.0,7.0,2.0,7.0,0.0,7.0,0.0,7.0,8.0
2335,2335,2335,2335,,21,387,7.0,0.0,7.0,0.0,7.0,0.0,7.0,0.0,7.0,0.0,7.0,0.0,7.0,7.0
2336,2336,2336,2336,,62,16,7.0,2.0,7.0,1.0,7.0,1.0,7.0,6.0,7.0,1.0,7.0,1.0,7.0,7.0
2337,2337,2337,2337,,6,375,6.0,0.0,6.0,0.0,6.0,0.0,6.0,0.0,6.0,0.0,6.0,0.0,6.0,6.0
2338,2338,2338,2338,,9,387,5.0,0.0,5.0,0.0,5.0,0.0,5.0,0.0,5.0,0.0,5.0,0.0,5.0,6.0
2339,2339,2339,2339,,10,799,6.0,0.0,6.0,0.0,6.0,0.0,6.0,0.0,6.0,0.0,6.0,0.0,6.0,7.0
2340,2340,2340,2340,,0,222,7.0,0.0,7.0,0.0,7.0,0.0,7.0,0.0,7.0,0.0,7.0,0.0,7.0,8.0
2341,2341,2341,2341,,1,360,7.0,0.0,7.0,0.0,7.0,0.0,7.0,0.0,7.0,0.0,7.0,0.0,7.0,7.0
2342,2342,2342,2342,,0,223,6.0,0.0,6.0,0.0,6.0,0.0,6.0,0.0,6.0,0.0,6.0,0.0,6.0,6.0
2343,2343,2343,2343,,24,34,6.0,0.0,6.0,1.0,6.0,1.0,6.0,1.0,6.0,0.0,6.0,1.0,6.0,7.0
2344,2344,2344,2344,,15,387,8.0,0.0,8.0,0.0,8.0,1.0,8.0,1.0,8.0,0.0,8.0,1.0,8.0,8.0
2345,2345,2345,2345,,51,42,6.0,1.0,6.0,5.0,6.0,1.0,6.0,2.0,6.0,1.0,6.0,1.0,6.0,6.0
2346,2346,2346,2346,,75,60,7.0,1.0,7.0,1.0,7.0,2.0,7.0,2.0,7.0,1.0,7.0,3.0,7.0,7.0
2347,2347,2347,2347,,0,224,6.0,0.0,6.0,0.0,6.0,0.0,6.0,0.0,6.0,0.0,6.0,0.0,6.0,6.0
2348,2348,2348,2348,,37,49,7.0,1.0,7.0,0.0,7.0,1.0,7.0,1.0,7.0,0.0,7.0,1.0,7.0,8.0
2349,2349,2349,2349,,22,387,6.0,0.0,6.0,0.0,6.0,0.0,6.0,0.0,6.0,0.0,6.0,0.0,6.0,7.0
2350,2350,2350,2350,,0,225,7.0,0.0,7.0,0.0,7.0,0.0,7.0,0.0,7.0,0.0,7.0,0.0,7.0,7.0
2351,2351,2351,2351,,0,226,5.0,0.0,5.0,0.0,5.0,0.0,5.0,0.0,5.0,0.0,5.0,0.0,5.0,6.0
2352,2352,2352,2352,,3,142,5.0,0.0,5.0,0.0,5.0,0.0,5.0,1.0,5.0,0.0,5.0,0.0,5.0,5.0
2353,2353,2353,2353,,32,389,7.0,1.0,7.0,1.0,7.0,1.0,7.0,2.0,7.0,0.0,7.0,1.0,7.0,7.0
2354,2354,2354,2354,,12,49,7.0,1.0,7.0,0.0,7.0,0.0,7.0,1.0,7.0,0.0,7.0,0.0,7.0,7.0
2355,2355,2355,2355,,68,345,5.0,1.0,5.0,1.0,5.0,2.0,5.0,3.0,5.0,1.0,5.0,2.0,5.0,5.0
2356,2356,2356,2356,,2,227,6.0,0.0,6.0,0.0,6.0,0.0,6.0,0.0,6.0,0.0,6.0,0.0,6.0,6.0
2357,2357,2357,2357,,0,228,4.0,0.0,4.0,0.0,4.0,0.0,4.0,0.0,4.0,0.0,4.0,0.0,4.0,6.0
2358,2358,2358,2358,,0,229,6.0,0.0,6.0,0.0,6.0,0.0,6.0,0.0,6.0,0.0,6.0,0.0,6.0,6.0
2359,2359,2359,2359,,15,799,7.0,0.0,7.0,0.0,7.0,1.0,7.0,1.0,7.0,0.0,7.0,1.0,7.0,7.0
2360,2360,2360,2360,,2,35,5.0,0.0,5.0,0.0,5.0,0.0,5.0,0.0,5.0,0.0,5.0,0.0,5.0,6.0
2361,2361,2361,2361,,3,360,7.0,0.0,7.0,0.0,7.0,1.0,7.0,1.0,7.0,0.0,7.0,0.0,7.0,7.0
2362,2362,2362,2362,,17,270,6.0,0.0,6.0,0.0,6.0,0.0,6.0,0.0,6.0,0.0,6.0,0.0,6.0,6.0
2363,2363,2363,2363,,20,270,6.0,1.0,6.0,0.0,6.0,0.0,6.0,1.0,6.0,0.0,6.0,1.0,6.0,7.0
2364,2364,2364,2364,,0,230,6.0,0.0,6.0,0.0,6.0,0.0,6.0,0.0,6.0,0.0,6.0,0.0,6.0,7.0
2365,2365,2365,2365,,6,799,6.0,0.0,6.0,0.0,6.0,0.0,6.0,0.0,6.0,1.0,6.0,0.0,6.0,6.0
2366,2366,2366,2366,,4,42,7.0,0.0,7.0,0.0,7.0,0.0,7.0,0.0,7.0,0.0,7.0,0.0,7.0,7.0
2367,2367,2367,2367,,2,338,7.0,0.0,7.0,0.0,7.0,0.0,7.0,0.0,7.0,0.0,7.0,0.0,7.0,7.0
2368,2368,2368,2368,,48,35,7.0,1.0,7.0,1.0,7.0,2.0,7.0,2.0,7.0,1.0,7.0,1.0,7.0,7.0
2369,2369,2369,2369,,1,388,7.0,0.0,7.0,0.0,7.0,0.0,7.0,0.0,7.0,0.0,7.0,0.0,7.0,7.0
2370,2370,2370,2370,,4,272,7.0,1.0,7.0,0.0,7.0,0.0,7.0,1.0,7.0,0.0,7.0,1.0,7.0,7.0
2371,2371,2371,2371,,20,142,7.0,2.0,7.0,1.0,7.0,1.0,7.0,2.0,7.0,1.0,7.0,2.0,7.0,8.0
2372,2372,2372,2372,,0,231,4.0,0.0,4.0,0.0,4.0,0.0,4.0,0.0,4.0,0.0,4.0,0.0,4.0,5.0
2373,2373,2373,2373,,18,375,7.0,1.0,7.0,1.0,7.0,2.0,7.0,3.0,7.0,1.0,7.0,3.0,7.0,7.0
2374,2374,2374,2374,,1,232,7.0,0.0,7.0,0.0,7.0,0.0,7.0,0.0,7.0,0.0,7.0,0.0,7.0,7.0
2375,2375,2375,2375,,1,142,6.0,0.0,6.0,0.0,6.0,0.0,6.0,0.0,6.0,0.0,6.0,0.0,6.0,7.0
2376,2376,2376,2376,,22,387,6.0,0.0,6.0,0.0,6.0,0.0,6.0,0.0,6.0,0.0,6.0,1.0,6.0,6.0
2377,2377,2377,2377,,6,270,7.0,1.0,7.0,0.0,7.0,0.0,7.0,4.0,7.0,0.0,7.0,0.0,7.0,7.0
2378,2378,2378,2378,,2,217,7.0,0.0,7.0,0.0,7.0,0.0,7.0,0.0,7.0,0.0,7.0,0.0,7.0,7.0
2379,2379,2379,2379,,0,233,5.0,0.0,5.0,0.0,5.0,0.0,5.0,0.0,5.0,0.0,5.0,0.0,5.0,5.0
2380,2380,2380,2380,,8,217,6.0,0.0,6.0,1.0,6.0,0.0,6.0,1.0,6.0,0.0,6.0,0.0,6.0,6.0
2381,2381,2381,2381,,30,92,7.0,1.0,7.0,1.0,7.0,1.0,7.0,2.0,7.0,1.0,7.0,1.0,7.0,7.0
2382,2382,2382,2382,,0,234,7.0,0.0,7.0,0.0,7.0,0.0,7.0,0.0,7.0,0.0,7.0,0.0,7.0,7.0
2383,2383,2383,2383,,0,235,4.0,0.0,4.0,0.0,4.0,0.0,4.0,0.0,4.0,0.0,4.0,0.0,4.0,5.0
2384,2384,2384,2384,,2,375,7.0,0.0,7.0,0.0,7.0,0.0,7.0,0.0,7.0,0.0,7.0,0.0,7.0,7.0
2385,2385,2385,2385,,0,236,6.0,0.0,6.0,0.0,6.0,0.0,6.0,0.0,6.0,0.0,6.0,0.0,6.0,6.0
2386,2386,2386,2386,,3,16,9.0,1.0,9.0,0.0,9.0,0.0,9.0,1.0,9.0,0.0,9.0,0.0,9.0,9.0
2387,2387,2387,2387,,7,799,7.0,0.0,7.0,0.0,7.0,0.0,7.0,0.0,7.0,0.0,7.0,0.0,7.0,7.0
2388,2388,2388,2388,,8,375,5.0,1.0,5.0,2.0,5.0,1.0,5.0,1.0,5.0,1.0,5.0,3.0,5.0,6.0
2389,2389,2389,2389,,0,237,7.0,0.0,7.0,0.0,7.0,0.0,7.0,0.0,7.0,0.0,7.0,0.0,7.0,8.0
2390,2390,2390,2390,,19,799,5.0,0.0,5.0,0.0,5.0,0.0,5.0,0.0,5.0,0.0,5.0,0.0,5.0,6.0
2391,2391,2391,2391,,1,890,6.0,0.0,6.0,0.0,6.0,0.0,6.0,0.0,6.0,0.0,6.0,0.0,6.0,6.0
2392,2392,2392,2392,,13,92,7.0,1.0,7.0,1.0,7.0,1.0,7.0,2.0,7.0,1.0,7.0,1.0,7.0,7.0
2393,2393,2393,2393,,5,238,6.0,0.0,6.0,0.0,6.0,0.0,6.0,0.0,6.0,0.0,6.0,0.0,6.0,7.0
2394,2394,2394,2394,,0,239,6.0,0.0,6.0,0.0,6.0,0.0,6.0,0.0,6.0,0.0,6.0,0.0,6.0,6.0
2395,2395,2395,2395,,24,218,7.0,1.0,7.0,1.0,7.0,1.0,7.0,2.0,7.0,0.0,7.0,1.0,7.0,7.0
2396,2396,2396,2396,,0,240,6.0,0.0,6.0,0.0,6.0,0.0,6.0,0.0,6.0,0.0,6.0,0.0,6.0,6.0
2397,2397,2397,2397,,17,166,8.0,1.0,8.0,1.0,8.0,1.0,8.0,1.0,8.0,1.0,8.0,1.0,8.0,8.0
2398,2398,2398,2398,,4,92,6.0,0.0,6.0,0.0,6.0,0.0,6.0,0.0,6.0,1.0,6.0,0.0,6.0,7.0
2399,2399,2399,2399,,2,668,6.0,0.0,6.0,0.0,6.0,0.0,6.0,0.0,6.0,0.0,6.0,0.0,6.0,6.0
2400,2400,2400,2400,,9,375,5.0,0.0,5.0,0.0,5.0,0.0,5.0,1.0,5.0,0.0,5.0,1.0,5.0,5.0
2401,2401,2401,2401,,0,241,5.0,0.0,5.0,0.0,5.0,0.0,5.0,0.0,5.0,0.0,5.0,0.0,5.0,6.0
2402,2402,2402,2402,,64,35,7.0,1.0,7.0,1.0,7.0,1.0,7.0,2.0,7.0,1.0,7.0,1.0,7.0,8.0
2403,2403,2403,2403,,50,60,8.0,1.0,8.0,1.0,8.0,1.0,8.0,2.0,8.0,1.0,8.0,2.0,8.0,8.0
2404,2404,2404,2404,,0,242,7.0,0.0,7.0,0.0,7.0,0.0,7.0,0.0,7.0,0.0,7.0,0.0,7.0,7.0
2405,2405,2405,2405,,43,270,6.0,1.0,6.0,1.0,6.0,1.0,6.0,2.0,6.0,1.0,6.0,1.0,6.0,6.0
2406,2406,2406,2406,,53,345,6.0,1.0,6.0,1.0,6.0,2.0,6.0,3.0,6.0,1.0,6.0,2.0,6.0,7.0
2407,2407,2407,2407,,25,218,7.0,0.0,7.0,1.0,7.0,1.0,7.0,1.0,7.0,0.0,7.0,1.0,7.0,7.0
2408,2408,2408,2408,,38,16,6.0,2.0,6.0,1.0,6.0,1.0,6.0,2.0,6.0,1.0,6.0,1.0,6.0,6.0
2409,2409,2409,2409,,10,799,7.0,0.0,7.0,0.0,7.0,0.0,7.0,0.0,7.0,0.0,7.0,0.0,7.0,7.0
2410,2410,2410,2410,,0,243,5.0,0.0,5.0,0.0,5.0,0.0,5.0,0.0,5.0,0.0,5.0,0.0,5.0,5.0
2411,2411,2411,2411,,4,397,7.0,0.0,7.0,0.0,7.0,0.0,7.0,0.0,7.0,0.0,7.0,0.0,7.0,7.0
2412,2412,2412,2412,,46,375,6.0,1.0,6.0,1.0,6.0,1.0,6.0,2.0,6.0,1.0,6.0,1.0,6.0,7.0
2413,2413,2413,2413,,19,388,6.0,0.0,6.0,1.0,6.0,2.0,6.0,1.0,6.0,0.0,6.0,1.0,6.0,6.0
2414,2414,2414,2414,,23,218,5.0,0.0,5.0,1.0,5.0,1.0,5.0,1.0,5.0,0.0,5.0,1.0,5.0,6.0
2415,2415,2415,2415,,0,244,6.0,0.0,6.0,0.0,6.0,0.0,6.0,0.0,6.0,0.0,6.0,0.0,6.0,6.0
2416,2416,2416,2416,,0,245,6.0,0.0,6.0,0.0,6.0,0.0,6.0,0.0,6.0,0.0,6.0,0.0,6.0,6.0
2417,2417,2417,2417,,9,388,6.0,0.0,6.0,0.0,6.0,0.0,6.0,0.0,6.0,0.0,6.0,0.0,6.0,6.0
2418,2418,2418,2418,,56,345,5.0,1.0,5.0,1.0,5.0,2.0,5.0,3.0,5.0,1.0,5.0,2.0,5.0,6.0
2419,2419,2419,2419,,11,375,7.0,0.0,7.0,0.0,7.0,0.0,7.0,0.0,7.0,0.0,7.0,0.0,7.0,7.0
2420,2420,2420,2420,,0,246,6.0,0.0,6.0,0.0,6.0,0.0,6.0,0.0,6.0,0.0,6.0,0.0,6.0,6.0
2421,2421,2421,2421,,0,247,6.0,0.0,6.0,0.0,6.0,0.0,6.0,0.0,6.0,0.0,6.0,0.0,6.0,6.0
2422,2422,2422,2422,,59,345,7.0,1.0,7.0,1.0,7.0,2.0,7.0,3.0,7.0,1.0,7.0,2.0,7.0,7.0
2423,2423,2423,2423,,0,248,5.0,0.0,5.0,0.0,5.0,0.0,5.0,0.0,5.0,0.0,5.0,0.0,5.0,5.0
2424,2424,2424,2424,,64,217,7.0,1.0,7.0,2.0,7.0,3.0,7.0,3.0,7.0,1.0,7.0,2.0,7.0,7.0
2425,2425,2425,2425,,20,142,5.0,1.0,5.0,1.0,5.0,1.0,5.0,1.0,5.0,0.0,5.0,1.0,5.0,5.0
2426,2426,2426,2426,,0,249,3.0,0.0,3.0,0.0,3.0,0.0,3.0,0.0,3.0,0.0,3.0,0.0,3.0,4.0
2427,2427,2427,2427,,2,270,6.0,0.0,6.0,0.0,6.0,0.0,6.0,0.0,6.0,0.0,6.0,0.0,6.0,6.0
2428,2428,2428,2428,,32,389,6.0,1.0,6.0,1.0,6.0,1.0,6.0,2.0,6.0,0.0,6.0,1.0,6.0,6.0
2429,2429,2429,2429,,3,60,6.0,0.0,6.0,0.0,6.0,0.0,6.0,0.0,6.0,0.0,6.0,0.0,6.0,7.0
2430,2430,2430,2430,,32,218,6.0,1.0,6.0,2.0,6.0,1.0,6.0,1.0,6.0,1.0,6.0,1.0,6.0,7.0
2431,2431,2431,2431,,3,166,6.0,0.0,6.0,0.0,6.0,0.0,6.0,0.0,6.0,0.0,6.0,0.0,6.0,6.0
2432,2432,2432,2432,,13,345,5.0,0.0,5.0,1.0,5.0,1.0,5.0,1.0,5.0,0.0,5.0,1.0,5.0,5.0
2433,2433,2433,2433,,1,272,4.0,0.0,4.0,0.0,4.0,0.0,4.0,0.0,4.0,0.0,4.0,0.0,4.0,6.0
2434,2434,2434,2434,,0,250,3.0,0.0,3.0,0.0,3.0,0.0,3.0,0.0,3.0,0.0,3.0,0.0,3.0,3.0
2435,2435,2435,2435,,43,389,7.0,1.0,7.0,1.0,7.0,1.0,7.0,2.0,7.0,0.0,7.0,1.0,7.0,8.0
2436,2436,2436,2436,,47,60,6.0,1.0,6.0,1.0,6.0,1.0,6.0,2.0,6.0,1.0,6.0,2.0,6.0,6.0
2437,2437,2437,2437,,0,251,3.0,0.0,3.0,0.0,3.0,0.0,3.0,0.0,3.0,0.0,3.0,0.0,3.0,5.0
2438,2438,2438,2438,,7,387,7.0,1.0,7.0,0.0,7.0,0.0,7.0,1.0,7.0,0.0,7.0,0.0,7.0,7.0
2439,2439,2439,2439,,1,217,6.0,0.0,6.0,0.0,6.0,0.0,6.0,0.0,6.0,0.0,6.0,0.0,6.0,7.0
2440,2440,2440,2440,,56,16,7.0,3.0,7.0,1.0,7.0,1.0,7.0,3.0,7.0,1.0,7.0,1.0,7.0,7.0
2441,2441,2441,2441,,0,252,6.0,0.0,6.0,0.0,6.0,0.0,6.0,0.0,6.0,0.0,6.0,0.0,6.0,6.0
2442,2442,2442,2442,,17,375,5.0,1.0,5.0,1.0,5.0,1.0,5.0,2.0,5.0,0.0,5.0,1.0,5.0,7.0
2443,2443,2443,2443,,14,272,7.0,2.0,7.0,0.0,7.0,1.0,7.0,1.0,7.0,1.0,7.0,1.0,7.0,7.0
2444,2444,2444,2444,,45,272,5.0,1.0,5.0,1.0,5.0,1.0,5.0,1.0,5.0,0.0,5.0,1.0,5.0,6.0
2445,2445,2445,2445,,0,253,5.0,0.0,5.0,0.0,5.0,0.0,5.0,0.0,5.0,0.0,5.0,0.0,5.0,5.0
2446,2446,2446,2446,,77,360,7.0,2.0,7.0,1.0,7.0,1.0,7.0,2.0,7.0,4.0,7.0,2.0,7.0,7.0
2447,2447,2447,2447,,25,375,6.0,1.0,6.0,1.0,6.0,1.0,6.0,1.0,6.0,1.0,6.0,1.0,6.0,6.0
2448,2448,2448,2448,,20,60,7.0,1.0,7.0,1.0,7.0,1.0,7.0,1.0,7.0,0.0,7.0,1.0,7.0,7.0
2449,2449,2449,2449,,16,360,7.0,1.0,7.0,1.0,7.0,1.0,7.0,1.0,7.0,2.0,7.0,1.0,7.0,7.0
2450,2450,2450,2450,,12,375,7.0,1.0,7.0,1.0,7.0,1.0,7.0,1.0,7.0,0.0,7.0,1.0,7.0,7.0
2451,2451,2451,2451,,7,218,6.0,0.0,6.0,1.0,6.0,0.0,6.0,1.0,6.0,0.0,6.0,0.0,6.0,6.0
2452,2452,2452,2452,,47,60,7.0,1.0,7.0,1.0,7.0,1.0,7.0,2.0,7.0,1.0,7.0,2.0,7.0,7.0
2453,2453,2453,2453,,13,799,8.0,0.0,8.0,0.0,8.0,0.0,8.0,1.0,8.0,0.0,8.0,0.0,8.0,8.0
2454,2454,2454,2454,,11,270,7.0,1.0,7.0,1.0,7.0,1.0,7.0,2.0,7.0,0.0,7.0,1.0,7.0,7.0
2455,2455,2455,2455,,17,270,7.0,0.0,7.0,0.0,7.0,0.0,7.0,0.0,7.0,0.0,7.0,0.0,7.0,7.0
2456,2456,2456,2456,,5,218,7.0,0.0,7.0,0.0,7.0,0.0,7.0,0.0,7.0,0.0,7.0,0.0,7.0,7.0
2457,2457,2457,2457,,22,270,6.0,1.0,6.0,1.0,6.0,1.0,6.0,1.0,6.0,1.0,6.0,1.0,6.0,6.0
2458,2458,2458,2458,,12,166,6.0,1.0,6.0,1.0,6.0,1.0,6.0,1.0,6.0,0.0,6.0,1.0,6.0,6.0
2459,2459,2459,2459,,1,92,7.0,0.0,7.0,0.0,7.0,1.0,7.0,1.0,7.0,0.0,7.0,1.0,7.0,7.0
2460,2460,2460,2460,,2,217,5.0,0.0,5.0,2.0,5.0,2.0,5.0,3.0,5.0,0.0,5.0,3.0,5.0,5.0
2461,2461,2461,2461,,28,49,8.0,1.0,8.0,1.0,8.0,1.0,8.0,1.0,8.0,0.0,8.0,1.0,8.0,8.0
2462,2462,2462,2462,,54,218,6.0,1.0,6.0,1.0,6.0,1.0,6.0,2.0,6.0,1.0,6.0,1.0,6.0,6.0
2463,2463,2463,2463,,0,254,6.0,0.0,6.0,0.0,6.0,0.0,6.0,0.0,6.0,0.0,6.0,0.0,6.0,7.0
2464,2464,2464,2464,,0,255,4.0,0.0,4.0,0.0,4.0,0.0,4.0,0.0,4.0,0.0,4.0,0.0,4.0,4.0
2465,2465,2465,2465,,11,217,8.0,1.0,8.0,1.0,8.0,2.0,8.0,2.0,8.0,0.0,8.0,2.0,8.0,8.0
2466,2466,2466,2466,,0,256,5.0,0.0,5.0,0.0,5.0,0.0,5.0,0.0,5.0,0.0,5.0,0.0,5.0,6.0
2467,2467,2467,2467,,5,375,7.0,0.0,7.0,0.0,7.0,0.0,7.0,0.0,7.0,0.0,7.0,0.0,7.0,8.0
2468,2468,2468,2468,,16,166,5.0,1.0,5.0,1.0,5.0,1.0,5.0,1.0,5.0,1.0,5.0,1.0,5.0,6.0
2469,2469,2469,2469,,0,257,6.0,0.0,6.0,0.0,6.0,0.0,6.0,0.0,6.0,0.0,6.0,0.0,6.0,6.0
2470,2470,2470,2470,,2,258,5.0,0.0,5.0,0.0,5.0,0.0,5.0,0.0,5.0,0.0,5.0,0.0,5.0,6.0
2471,2471,2471,2471,,20,375,7.0,1.0,7.0,1.0,7.0,1.0,7.0,1.0,7.0,0.0,7.0,1.0,7.0,8.0
2472,2472,2472,2472,,0,259,5.0,0.0,5.0,0.0,5.0,0.0,5.0,0.0,5.0,0.0,5.0,0.0,5.0,5.0
2473,2473,2473,2473,,21,387,7.0,0.0,7.0,0.0,7.0,0.0,7.0,0.0,7.0,0.0,7.0,0.0,7.0,7.0
2474,2474,2474,2474,,3,272,6.0,0.0,6.0,0.0,6.0,0.0,6.0,0.0,6.0,0.0,6.0,0.0,6.0,7.0
2475,2475,2475,2475,,72,35,5.0,1.0,5.0,1.0,5.0,1.0,5.0,2.0,5.0,1.0,5.0,1.0,5.0,6.0
2476,2476,2476,2476,,31,92,7.0,1.0,7.0,1.0,7.0,1.0,7.0,2.0,7.0,1.0,7.0,1.0,7.0,7.0
2477,2477,2477,2477,,15,217,5.0,1.0,5.0,1.0,5.0,1.0,5.0,2.0,5.0,1.0,5.0,1.0,5.0,6.0
2478,2478,2478,2478,,0,260,5.0,0.0,5.0,0.0,5.0,0.0,5.0,0.0,5.0,0.0,5.0,0.0,5.0,6.0
2479,2479,2479,2479,,20,387,7.0,0.0,7.0,0.0,7.0,0.0,7.0,0.0,7.0,0.0,7.0,0.0,7.0,7.0
2480,2480,2480,2480,,7,389,7.0,0.0,7.0,0.0,7.0,0.0,7.0,0.0,7.0,0.0,7.0,0.0,7.0,7.0
2481,2481,2481,2481,,1,276,6.0,0.0,6.0,0.0,6.0,0.0,6.0,0.0,6.0,0.0,6.0,0.0,6.0,6.0
2482,2482,2482,2482,,2,375,5.0,0.0,5.0,0.0,5.0,0.0,5.0,0.0,5.0,0.0,5.0,0.0,5.0,6.0
2483,2483,2483,2483,,38,35,8.0,1.0,8.0,1.0,8.0,1.0,8.0,2.0,8.0,1.0,8.0,1.0,8.0,8.0
2484,2484,2484,2484,,5,375,7.0,0.0,7.0,0.0,7.0,0.0,7.0,0.0,7.0,0.0,7.0,0.0,7.0,7.0
2485,2485,2485,2485,,0,261,5.0,0.0,5.0,0.0,5.0,0.0,5.0,0.0,5.0,0.0,5.0,0.0,5.0,5.0
2486,2486,2486,2486,,0,262,5.0,0.0,5.0,0.0,5.0,0.0,5.0,0.0,5.0,0.0,5.0,0.0,5.0,6.0
2487,2487,2487,2487,,0,263,6.0,0.0,6.0,0.0,6.0,0.0,6.0,0.0,6.0,0.0,6.0,0.0,6.0,6.0
2488,2488,2488,2488,,20,387,6.0,0.0,6.0,0.0,6.0,0.0,6.0,0.0,6.0,0.0,6.0,0.0,6.0,7.0
2489,2489,2489,2489,,7,217,7.0,0.0,7.0,1.0,7.0,0.0,7.0,1.0,7.0,0.0,7.0,0.0,7.0,7.0
2490,2490,2490,2490,,22,272,7.0,1.0,7.0,0.0,7.0,1.0,7.0,1.0,7.0,0.0,7.0,1.0,7.0,7.0
2491,2491,2491,2491,,5,35,7.0,1.0,7.0,0.0,7.0,0.0,7.0,1.0,7.0,0.0,7.0,0.0,7.0,7.0
2492,2492,2492,2492,,5,375,4.0,0.0,4.0,0.0,4.0,0.0,4.0,1.0,4.0,0.0,4.0,0.0,4.0,5.0
2493,2493,2493,2493,,1,49,6.0,0.0,6.0,0.0,6.0,0.0,6.0,0.0,6.0,0.0,6.0,0.0,6.0,6.0
2494,2494,2494,2494,,6,49,7.0,0.0,7.0,0.0,7.0,0.0,7.0,0.0,7.0,0.0,7.0,0.0,7.0,7.0
2495,2495,2495,2495,,15,49,7.0,0.0,7.0,0.0,7.0,0.0,7.0,1.0,7.0,0.0,7.0,0.0,7.0,7.0
2496,2496,2496,2496,,18,42,5.0,1.0,5.0,1.0,5.0,1.0,5.0,1.0,5.0,0.0,5.0,1.0,5.0,5.0
2497,2497,2497,2497,,2,509,7.0,0.0,7.0,0.0,7.0,0.0,7.0,0.0,7.0,0.0,7.0,0.0,7.0,7.0
2498,2498,2498,2498,,0,264,6.0,0.0,6.0,0.0,6.0,0.0,6.0,0.0,6.0,0.0,6.0,0.0,6.0,7.0
2499,2499,2499,2499,,1,600,7.0,0.0,7.0,0.0,7.0,0.0,7.0,0.0,7.0,0.0,7.0,0.0,7.0,7.0
2500,2500,2500,2500,,0,265,5.0,0.0,5.0,0.0,5.0,0.0,5.0,0.0,5.0,0.0,5.0,0.0,5.0,5.0
2501,2501,2501,2501,,28,375,8.0,1.0,8.0,1.0,8.0,1.0,8.0,1.0,8.0,0.0,8.0,1.0,8.0,8.0
2502,2502,2502,2502,,0,266,7.0,0.0,7.0,0.0,7.0,0.0,7.0,0.0,7.0,0.0,7.0,0.0,7.0,7.0
2503,2503,2503,2503,,36,153,6.0,1.0,6.0,1.0,6.0,1.0,6.0,2.0,6.0,1.0,6.0,1.0,6.0,7.0
2504,2504,2504,2504,,0,267,4.0,0.0,4.0,0.0,4.0,0.0,4.0,0.0,4.0,0.0,4.0,0.0,4.0,5.0
2505,2505,2505,2505,,2,921,6.0,0.0,6.0,0.0,6.0,0.0,6.0,0.0,6.0,0.0,6.0,0.0,6.0,6.0
2506,2506,2506,2506,,0,268,5.0,0.0,5.0,0.0,5.0,0.0,5.0,0.0,5.0,0.0,5.0,0.0,5.0,7.0
2507,2507,2507,2507,,0,269,6.0,0.0,6.0,0.0,6.0,0.0,6.0,0.0,6.0,0.0,6.0,0.0,6.0,6.0
2508,2508,2508,2508,,7,272,6.0,0.0,6.0,0.0,6.0,0.0,6.0,0.0,6.0,2.0,6.0,0.0,6.0,6.0
2509,2509,2509,2509,,12,389,6.0,1.0,6.0,1.0,6.0,2.0,6.0,2.0,6.0,0.0,6.0,2.0,6.0,7.0
2510,2510,2510,2510,,8,16,7.0,2.0,7.0,1.0,7.0,1.0,7.0,3.0,7.0,0.0,7.0,1.0,7.0,8.0
2511,2511,2511,2511,,55,60,7.0,1.0,7.0,1.0,7.0,2.0,7.0,2.0,7.0,1.0,7.0,2.0,7.0,7.0
2512,2512,2512,2512,,2,372,6.0,0.0,6.0,0.0,6.0,0.0,6.0,0.0,6.0,0.0,6.0,0.0,6.0,6.0
2513,2513,2513,2513,,12,360,7.0,1.0,7.0,0.0,7.0,1.0,7.0,1.0,7.0,2.0,7.0,1.0,7.0,7.0
2514,2514,2514,2514,,17,16,7.0,3.0,7.0,0.0,7.0,1.0,7.0,3.0,7.0,1.0,7.0,1.0,7.0,8.0
2515,2515,2515,2515,,6,217,7.0,0.0,7.0,1.0,7.0,2.0,7.0,2.0,7.0,0.0,7.0,1.0,7.0,8.0
2516,2516,2516,2516,,28,92,8.0,1.0,8.0,1.0,8.0,1.0,8.0,2.0,8.0,1.0,8.0,1.0,8.0,8.0
2517,2517,2517,2517,,86,35,8.0,1.0,8.0,1.0,8.0,1.0,8.0,2.0,8.0,1.0,8.0,1.0,8.0,8.0
2518,2518,2518,2518,,37,270,6.0,1.0,6.0,1.0,6.0,1.0,6.0,1.0,6.0,1.0,6.0,1.0,6.0,6.0
2519,2519,2519,2519,,0,271,6.0,0.0,6.0,0.0,6.0,0.0,6.0,0.0,6.0,0.0,6.0,0.0,6.0,7.0
2520,2520,2520,2520,,60,60,8.0,1.0,8.0,1.0,8.0,2.0,8.0,2.0,8.0,1.0,8.0,3.0,8.0,8.0
2521,2521,2521,2521,,1,153,7.0,0.0,7.0,0.0,7.0,0.0,7.0,0.0,7.0,0.0,7.0,0.0,7.0,7.0
2522,2522,2522,2522,,25,49,8.0,1.0,8.0,1.0,8.0,1.0,8.0,1.0,8.0,0.0,8.0,1.0,8.0,8.0
2523,2523,2523,2523,,9,387,6.0,0.0,6.0,0.0,6.0,0.0,6.0,0.0,6.0,1.0,6.0,0.0,6.0,6.0
2524,2524,2524,2524,,6,375,7.0,0.0,7.0,1.0,7.0,1.0,7.0,1.0,7.0,0.0,7.0,1.0,7.0,7.0
2525,2525,2525,2525,,2,60,6.0,0.0,6.0,0.0,6.0,0.0,6.0,1.0,6.0,0.0,6.0,0.0,6.0,6.0
2526,2526,2526,2526,,11,217,6.0,1.0,6.0,1.0,6.0,2.0,6.0,2.0,6.0,0.0,6.0,1.0,6.0,6.0
2527,2527,2527,2527,,8,49,7.0,1.0,7.0,0.0,7.0,1.0,7.0,1.0,7.0,0.0,7.0,1.0,7.0,7.0
2528,2528,2528,2528,,2,166,6.0,0.0,6.0,0.0,6.0,0.0,6.0,0.0,6.0,0.0,6.0,0.0,6.0,6.0
2529,2529,2529,2529,,45,49,7.0,1.0,7.0,0.0,7.0,1.0,7.0,1.0,7.0,1.0,7.0,1.0,7.0,7.0
2530,2530,2530,2530,,51,217,7.0,1.0,7.0,2.0,7.0,3.0,7.0,3.0,7.0,1.0,7.0,2.0,7.0,7.0
2531,2531,2531,2531,,5,238,6.0,0.0,6.0,0.0,6.0,0.0,6.0,0.0,6.0,0.0,6.0,0.0,6.0,6.0
2532,2532,2532,2532,,26,92,7.0,1.0,7.0,1.0,7.0,1.0,7.0,2.0,7.0,1.0,7.0,1.0,7.0,7.0
2533,2533,2533,2533,,60,153,6.0,1.0,6.0,1.0,6.0,1.0,6.0,2.0,6.0,1.0,6.0,1.0,6.0,6.0
2534,2534,2534,2534,,11,389,5.0,1.0,5.0,0.0,5.0,1.0,5.0,1.0,5.0,0.0,5.0,1.0,5.0,6.0
2535,2535,2535,2535,,56,345,6.0,1.0,6.0,1.0,6.0,2.0,6.0,3.0,6.0,1.0,6.0,2.0,6.0,6.0
2536,2536,2536,2536,,0,273,8.0,0.0,8.0,0.0,8.0,0.0,8.0,0.0,8.0,0.0,8.0,0.0,8.0,8.0
2537,2537,2537,2537,,14,42,7.0,1.0,7.0,2.0,7.0,1.0,7.0,1.0,7.0,1.0,7.0,1.0,7.0,7.0
2538,2538,2538,2538,,2,42,6.0,0.0,6.0,0.0,6.0,0.0,6.0,0.0,6.0,0.0,6.0,0.0,6.0,6.0
2539,2539,2539,2539,,3,166,6.0,0.0,6.0,0.0,6.0,0.0,6.0,0.0,6.0,0.0,6.0,0.0,6.0,6.0
2540,2540,2540,2540,,1,60,6.0,0.0,6.0,0.0,6.0,0.0,6.0,0.0,6.0,0.0,6.0,1.0,6.0,6.0
2541,2541,2541,2541,,97,35,6.0,1.0,6.0,1.0,6.0,1.0,6.0,2.0,6.0,1.0,6.0,1.0,6.0,6.0
2542,2542,2542,2542,,0,274,7.0,0.0,7.0,0.0,7.0,0.0,7.0,0.0,7.0,0.0,7.0,0.0,7.0,7.0
2543,2543,2543,2543,,92,35,7.0,1.0,7.0,1.0,7.0,1.0,7.0,2.0,7.0,1.0,7.0,1.0,7.0,8.0
2544,2544,2544,2544,,24,217,6.0,1.0,6.0,2.0,6.0,1.0,6.0,2.0,6.0,1.0,6.0,1.0,6.0,6.0
2545,2545,2545,2545,,19,272,7.0,1.0,7.0,1.0,7.0,1.0,7.0,2.0,7.0,1.0,7.0,1.0,7.0,7.0
2546,2546,2546,2546,,25,270,6.0,1.0,6.0,1.0,6.0,1.0,6.0,1.0,6.0,0.0,6.0,1.0,6.0,6.0
2547,2547,2547,2547,,19,16,8.0,2.0,8.0,1.0,8.0,1.0,8.0,4.0,8.0,1.0,8.0,1.0,8.0,8.0
2548,2548,2548,2548,,3,42,5.0,0.0,5.0,1.0,5.0,0.0,5.0,0.0,5.0,0.0,5.0,0.0,5.0,5.0
2549,2549,2549,2549,,3,16,7.0,0.0,7.0,0.0,7.0,0.0,7.0,0.0,7.0,0.0,7.0,0.0,7.0,7.0
2550,2550,2550,2550,,12,799,8.0,0.0,8.0,0.0,8.0,0.0,8.0,1.0,8.0,0.0,8.0,0.0,8.0,8.0
2551,2551,2551,2551,,60,35,5.0,1.0,5.0,1.0,5.0,1.0,5.0,2.0,5.0,1.0,5.0,1.0,5.0,5.0
2552,2552,2552,2552,,2,49,7.0,0.0,7.0,0.0,7.0,0.0,7.0,0.0,7.0,0.0,7.0,0.0,7.0,7.0
2553,2553,2553,2553,,0,275,6.0,0.0,6.0,0.0,6.0,0.0,6.0,0.0,6.0,0.0,6.0,0.0,6.0,6.0
2554,2554,2554,2554,,1,276,6.0,0.0,6.0,0.0,6.0,0.0,6.0,0.0,6.0,0.0,6.0,0.0,6.0,6.0
2555,2555,2555,2555,,4,799,5.0,0.0,5.0,0.0,5.0,0.0,5.0,0.0,5.0,0.0,5.0,0.0,5.0,5.0
2556,2556,2556,2556,,11,270,8.0,0.0,8.0,0.0,8.0,0.0,8.0,0.0,8.0,0.0,8.0,0.0,8.0,8.0
2557,2557,2557,2557,,129,35,7.0,1.0,7.0,1.0,7.0,1.0,7.0,2.0,7.0,2.0,7.0,1.0,7.0,7.0
2558,2558,2558,2558,,12,49,7.0,1.0,7.0,0.0,7.0,1.0,7.0,1.0,7.0,1.0,7.0,0.0,7.0,8.0
2559,2559,2559,2559,,23,218,5.0,1.0,5.0,1.0,5.0,1.0,5.0,2.0,5.0,0.0,5.0,1.0,5.0,5.0
2560,2560,2560,2560,,17,49,6.0,1.0,6.0,0.0,6.0,0.0,6.0,0.0,6.0,0.0,6.0,0.0,6.0,6.0
2561,2561,2561,2561,,10,49,7.0,0.0,7.0,0.0,7.0,0.0,7.0,0.0,7.0,0.0,7.0,0.0,7.0,7.0
2562,2562,2562,2562,,0,277,6.0,0.0,6.0,0.0,6.0,0.0,6.0,0.0,6.0,0.0,6.0,0.0,6.0,7.0
2563,2563,2563,2563,,2,345,6.0,0.0,6.0,0.0,6.0,0.0,6.0,0.0,6.0,0.0,6.0,0.0,6.0,6.0
2564,2564,2564,2564,,18,668,7.0,1.0,7.0,0.0,7.0,1.0,7.0,1.0,7.0,0.0,7.0,1.0,7.0,8.0
2565,2565,2565,2565,,1,42,7.0,0.0,7.0,0.0,7.0,0.0,7.0,0.0,7.0,0.0,7.0,0.0,7.0,8.0
2566,2566,2566,2566,,62,345,5.0,1.0,5.0,1.0,5.0,1.0,5.0,3.0,5.0,1.0,5.0,2.0,5.0,5.0
2567,2567,2567,2567,,1,278,4.0,0.0,4.0,0.0,4.0,0.0,4.0,0.0,4.0,0.0,4.0,0.0,4.0,4.0
2568,2568,2568,2568,,0,279,6.0,0.0,6.0,0.0,6.0,0.0,6.0,0.0,6.0,0.0,6.0,0.0,6.0,7.0
2569,2569,2569,2569,,20,387,7.0,0.0,7.0,0.0,7.0,0.0,7.0,0.0,7.0,0.0,7.0,0.0,7.0,7.0
2570,2570,2570,2570,,0,280,6.0,0.0,6.0,0.0,6.0,0.0,6.0,0.0,6.0,0.0,6.0,0.0,6.0,6.0
2571,2571,2571,2571,,6,49,8.0,0.0,8.0,0.0,8.0,0.0,8.0,0.0,8.0,0.0,8.0,0.0,8.0,8.0
2572,2572,2572,2572,,15,217,8.0,1.0,8.0,1.0,8.0,1.0,8.0,3.0,8.0,0.0,8.0,2.0,8.0,8.0
2573,2573,2573,2573,,39,389,6.0,1.0,6.0,1.0,6.0,1.0,6.0,2.0,6.0,1.0,6.0,1.0,6.0,7.0
2574,2574,2574,2574,,1,562,6.0,0.0,6.0,0.0,6.0,0.0,6.0,0.0,6.0,0.0,6.0,0.0,6.0,6.0
2575,2575,2575,2575,,2,217,5.0,0.0,5.0,0.0,5.0,0.0,5.0,1.0,5.0,0.0,5.0,0.0,5.0,5.0
2576,2576,2576,2576,,18,142,4.0,2.0,4.0,2.0,4.0,2.0,4.0,3.0,4.0,1.0,4.0,2.0,4.0,5.0
2577,2577,2577,2577,,1,528,6.0,0.0,6.0,0.0,6.0,0.0,6.0,0.0,6.0,0.0,6.0,0.0,6.0,7.0
2578,2578,2578,2578,,10,142,5.0,1.0,5.0,1.0,5.0,1.0,5.0,1.0,5.0,0.0,5.0,1.0,5.0,6.0
2579,2579,2579,2579,,17,60,6.0,1.0,6.0,1.0,6.0,1.0,6.0,2.0,6.0,0.0,6.0,1.0,6.0,7.0
2580,2580,2580,2580,,2,281,6.0,0.0,6.0,0.0,6.0,0.0,6.0,0.0,6.0,0.0,6.0,0.0,6.0,6.0
2581,2581,2581,2581,,2,345,6.0,0.0,6.0,0.0,6.0,0.0,6.0,0.0,6.0,0.0,6.0,0.0,6.0,6.0
2582,2582,2582,2582,,1,49,7.0,0.0,7.0,0.0,7.0,0.0,7.0,0.0,7.0,0.0,7.0,0.0,7.0,7.0
2583,2583,2583,2583,,7,217,6.0,0.0,6.0,2.0,6.0,1.0,6.0,1.0,6.0,0.0,6.0,1.0,6.0,6.0
2584,2584,2584,2584,,1,318,5.0,0.0,5.0,0.0,5.0,0.0,5.0,0.0,5.0,0.0,5.0,0.0,5.0,6.0
2585,2585,2585,2585,,39,153,7.0,1.0,7.0,1.0,7.0,1.0,7.0,2.0,7.0,1.0,7.0,1.0,7.0,7.0
2586,2586,2586,2586,,4,217,6.0,0.0,6.0,0.0,6.0,0.0,6.0,2.0,6.0,0.0,6.0,0.0,6.0,6.0
2587,2587,2587,2587,,18,375,6.0,1.0,6.0,1.0,6.0,1.0,6.0,2.0,6.0,0.0,6.0,1.0,6.0,6.0
2588,2588,2588,2588,,0,282,7.0,0.0,7.0,0.0,7.0,0.0,7.0,0.0,7.0,0.0,7.0,0.0,7.0,7.0
2589,2589,2589,2589,,21,42,5.0,1.0,5.0,2.0,5.0,1.0,5.0,1.0,5.0,1.0,5.0,1.0,5.0,5.0
2590,2590,2590,2590,,0,283,6.0,0.0,6.0,0.0,6.0,0.0,6.0,0.0,6.0,0.0,6.0,0.0,6.0,7.0
2591,2591,2591,2591,,3,153,7.0,0.0,7.0,0.0,7.0,0.0,7.0,0.0,7.0,0.0,7.0,0.0,7.0,7.0
2592,2592,2592,2592,,7,270,4.0,2.0,4.0,0.0,4.0,0.0,4.0,1.0,4.0,0.0,4.0,0.0,4.0,6.0
2593,2593,2593,2593,,2,35,5.0,0.0,5.0,0.0,5.0,0.0,5.0,0.0,5.0,0.0,5.0,0.0,5.0,5.0
2594,2594,2594,2594,,1,516,7.0,0.0,7.0,0.0,7.0,0.0,7.0,0.0,7.0,0.0,7.0,0.0,7.0,7.0
2595,2595,2595,2595,,0,284,7.0,0.0,7.0,0.0,7.0,0.0,7.0,0.0,7.0,0.0,7.0,0.0,7.0,7.0
2596,2596,2596,2596,,16,375,6.0,1.0,6.0,0.0,6.0,0.0,6.0,1.0,6.0,0.0,6.0,0.0,6.0,6.0
2597,2597,2597,2597,,56,345,6.0,1.0,6.0,1.0,6.0,2.0,6.0,3.0,6.0,1.0,6.0,2.0,6.0,7.0
2598,2598,2598,2598,,0,285,5.0,0.0,5.0,0.0,5.0,0.0,5.0,0.0,5.0,0.0,5.0,0.0,5.0,6.0
2599,2599,2599,2599,,2,286,6.0,0.0,6.0,0.0,6.0,0.0,6.0,0.0,6.0,0.0,6.0,0.0,6.0,7.0
2600,2600,2600,2600,,49,387,6.0,0.0,6.0,0.0,6.0,0.0,6.0,1.0,6.0,0.0,6.0,1.0,6.0,6.0
2601,2601,2601,2601,,0,287,3.0,0.0,3.0,0.0,3.0,0.0,3.0,0.0,3.0,0.0,3.0,0.0,3.0,3.0
2602,2602,2602,2602,,12,35,5.0,1.0,5.0,1.0,5.0,1.0,5.0,2.0,5.0,0.0,5.0,1.0,5.0,7.0
2603,2603,2603,2603,,14,375,5.0,1.0,5.0,0.0,5.0,1.0,5.0,1.0,5.0,0.0,5.0,1.0,5.0,5.0
2604,2604,2604,2604,,0,288,5.0,0.0,5.0,0.0,5.0,0.0,5.0,0.0,5.0,0.0,5.0,0.0,5.0,6.0
2605,2605,2605,2605,,27,272,8.0,1.0,8.0,0.0,8.0,1.0,8.0,1.0,8.0,0.0,8.0,1.0,8.0,8.0
2606,2606,2606,2606,,15,218,6.0,1.0,6.0,1.0,6.0,1.0,6.0,2.0,6.0,0.0,6.0,1.0,6.0,6.0
2607,2607,2607,2607,,35,375,8.0,1.0,8.0,1.0,8.0,1.0,8.0,2.0,8.0,1.0,8.0,1.0,8.0,8.0
2608,2608,2608,2608,,5,166,7.0,0.0,7.0,0.0,7.0,1.0,7.0,1.0,7.0,0.0,7.0,0.0,7.0,7.0
2609,2609,2609,2609,,14,272,7.0,1.0,7.0,1.0,7.0,1.0,7.0,1.0,7.0,1.0,7.0,1.0,7.0,7.0
2610,2610,2610,2610,,6,49,7.0,0.0,7.0,0.0,7.0,0.0,7.0,0.0,7.0,0.0,7.0,0.0,7.0,7.0
2611,2611,2611,2611,,22,369,5.0,1.0,5.0,1.0,5.0,1.0,5.0,1.0,5.0,0.0,5.0,1.0,5.0,5.0
2612,2612,2612,2612,,5,270,5.0,0.0,5.0,0.0,5.0,0.0,5.0,0.0,5.0,0.0,5.0,0.0,5.0,5.0
2613,2613,2613,2613,,2,389,7.0,0.0,7.0,0.0,7.0,0.0,7.0,0.0,7.0,0.0,7.0,0.0,7.0,7.0
2614,2614,2614,2614,,0,289,5.0,0.0,5.0,0.0,5.0,0.0,5.0,0.0,5.0,0.0,5.0,0.0,5.0,5.0
2615,2615,2615,2615,,34,218,6.0,1.0,6.0,1.0,6.0,1.0,6.0,2.0,6.0,1.0,6.0,1.0,6.0,6.0
2616,2616,2616,2616,,46,375,7.0,1.0,7.0,1.0,7.0,1.0,7.0,1.0,7.0,1.0,7.0,1.0,7.0,8.0
2617,2617,2617,2617,,15,218,6.0,1.0,6.0,1.0,6.0,1.0,6.0,2.0,6.0,0.0,6.0,1.0,6.0,6.0
2618,2618,2618,2618,,2,470,6.0,0.0,6.0,0.0,6.0,0.0,6.0,0.0,6.0,0.0,6.0,0.0,6.0,6.0
2619,2619,2619,2619,,62,345,5.0,1.0,5.0,1.0,5.0,2.0,5.0,3.0,5.0,1.0,5.0,2.0,5.0,5.0
2620,2620,2620,2620,,58,217,6.0,1.0,6.0,2.0,6.0,3.0,6.0,3.0,6.0,1.0,6.0,2.0,6.0,6.0
2621,2621,2621,2621,,20,387,7.0,0.0,7.0,0.0,7.0,0.0,7.0,0.0,7.0,0.0,7.0,0.0,7.0,7.0
2622,2622,2622,2622,,0,290,5.0,0.0,5.0,0.0,5.0,0.0,5.0,0.0,5.0,0.0,5.0,0.0,5.0,5.0
2623,2623,2623,2623,,36,153,7.0,1.0,7.0,1.0,7.0,1.0,7.0,2.0,7.0,1.0,7.0,1.0,7.0,8.0
2624,2624,2624,2624,,20,369,6.0,1.0,6.0,1.0,6.0,1.0,6.0,1.0,6.0,0.0,6.0,1.0,6.0,6.0
2625,2625,2625,2625,,29,142,7.0,2.0,7.0,1.0,7.0,2.0,7.0,3.0,7.0,1.0,7.0,2.0,7.0,8.0
2626,2626,2626,2626,,28,142,6.0,1.0,6.0,1.0,6.0,1.0,6.0,1.0,6.0,1.0,6.0,1.0,6.0,6.0
2627,2627,2627,2627,,5,34,8.0,0.0,8.0,0.0,8.0,0.0,8.0,0.0,8.0,0.0,8.0,0.0,8.0,8.0
2628,2628,2628,2628,,11,217,5.0,0.0,5.0,1.0,5.0,1.0,5.0,1.0,5.0,0.0,5.0,1.0,5.0,6.0
2629,2629,2629,2629,,20,387,6.0,0.0,6.0,0.0,6.0,0.0,6.0,0.0,6.0,0.0,6.0,0.0,6.0,6.0
2630,2630,2630,2630,,29,375,7.0,1.0,7.0,0.0,7.0,1.0,7.0,1.0,7.0,1.0,7.0,1.0,7.0,7.0
2631,2631,2631,2631,,0,291,7.0,0.0,7.0,0.0,7.0,0.0,7.0,0.0,7.0,0.0,7.0,0.0,7.0,7.0
2632,2632,2632,2632,,7,218,7.0,0.0,7.0,0.0,7.0,0.0,7.0,1.0,7.0,0.0,7.0,0.0,7.0,7.0
2633,2633,2633,2633,,38,369,5.0,1.0,5.0,1.0,5.0,2.0,5.0,3.0,5.0,1.0,5.0,10.0,7.0,7.0
2634,2634,2634,2634,,4,49,7.0,0.0,7.0,0.0,7.0,0.0,7.0,0.0,7.0,0.0,7.0,0.0,7.0,7.0
2635,2635,2635,2635,,3,217,6.0,0.0,6.0,0.0,6.0,0.0,6.0,0.0,6.0,0.0,6.0,0.0,6.0,7.0
2636,2636,2636,2636,,0,292,6.0,0.0,6.0,0.0,6.0,0.0,6.0,0.0,6.0,0.0,6.0,0.0,6.0,6.0
2637,2637,2637,2637,,2,921,7.0,0.0,7.0,0.0,7.0,0.0,7.0,0.0,7.0,0.0,7.0,0.0,7.0,7.0
2638,2638,2638,2638,,0,293,8.0,0.0,8.0,0.0,8.0,0.0,8.0,0.0,8.0,0.0,8.0,0.0,8.0,8.0
2639,2639,2639,2639,,4,153,7.0,1.0,7.0,0.0,7.0,1.0,7.0,1.0,7.0,0.0,7.0,1.0,7.0,7.0
2640,2640,2640,2640,,5,389,7.0,0.0,7.0,0.0,7.0,1.0,7.0,1.0,7.0,0.0,7.0,1.0,7.0,7.0
2641,2641,2641,2641,,0,294,7.0,0.0,7.0,0.0,7.0,0.0,7.0,0.0,7.0,0.0,7.0,0.0,7.0,7.0
2642,2642,2642,2642,,8,49,7.0,1.0,7.0,1.0,7.0,1.0,7.0,1.0,7.0,1.0,7.0,1.0,7.0,7.0
2643,2643,2643,2643,,0,295,7.0,0.0,7.0,0.0,7.0,0.0,7.0,0.0,7.0,0.0,7.0,0.0,7.0,7.0
2644,2644,2644,2644,,0,296,6.0,0.0,6.0,0.0,6.0,0.0,6.0,0.0,6.0,0.0,6.0,0.0,6.0,7.0
2645,2645,2645,2645,,18,49,6.0,1.0,6.0,0.0,6.0,1.0,6.0,1.0,6.0,0.0,6.0,1.0,6.0,7.0
2646,2646,2646,2646,,1,297,5.0,0.0,5.0,0.0,5.0,0.0,5.0,0.0,5.0,0.0,5.0,0.0,5.0,5.0
2647,2647,2647,2647,,0,298,6.0,0.0,6.0,0.0,6.0,0.0,6.0,0.0,6.0,0.0,6.0,0.0,6.0,6.0
2648,2648,2648,2648,,0,299,5.0,0.0,5.0,0.0,5.0,0.0,5.0,0.0,5.0,0.0,5.0,0.0,5.0,6.0
2649,2649,2649,2649,,0,300,5.0,0.0,5.0,0.0,5.0,0.0,5.0,0.0,5.0,0.0,5.0,0.0,5.0,5.0
2650,2650,2650,2650,,1,153,6.0,0.0,6.0,0.0,6.0,0.0,6.0,0.0,6.0,0.0,6.0,0.0,6.0,7.0
2651,2651,2651,2651,,0,301,6.0,0.0,6.0,0.0,6.0,0.0,6.0,0.0,6.0,0.0,6.0,0.0,6.0,6.0
2652,2652,2652,2652,,1,369,6.0,0.0,6.0,0.0,6.0,0.0,6.0,0.0,6.0,0.0,6.0,0.0,6.0,6.0
2653,2653,2653,2653,,0,302,6.0,0.0,6.0,0.0,6.0,0.0,6.0,0.0,6.0,0.0,6.0,0.0,6.0,6.0
2654,2654,2654,2654,,11,389,6.0,1.0,6.0,1.0,6.0,2.0,6.0,1.0,6.0,0.0,6.0,1.0,6.0,6.0
2655,2655,2655,2655,,0,303,5.0,0.0,5.0,0.0,5.0,0.0,5.0,0.0,5.0,0.0,5.0,0.0,5.0,6.0
2656,2656,2656,2656,,0,304,7.0,0.0,7.0,0.0,7.0,0.0,7.0,0.0,7.0,0.0,7.0,0.0,7.0,7.0
2657,2657,2657,2657,,0,305,7.0,0.0,7.0,0.0,7.0,0.0,7.0,0.0,7.0,0.0,7.0,0.0,7.0,7.0
2658,2658,2658,2658,,0,306,5.0,0.0,5.0,0.0,5.0,0.0,5.0,0.0,5.0,0.0,5.0,0.0,5.0,5.0
2659,2659,2659,2659,,27,49,7.0,1.0,7.0,0.0,7.0,1.0,7.0,1.0,7.0,0.0,7.0,1.0,7.0,8.0
2660,2660,2660,2660,,0,307,6.0,0.0,6.0,0.0,6.0,0.0,6.0,0.0,6.0,0.0,6.0,0.0,6.0,7.0
2661,2661,2661,2661,,4,270,7.0,0.0,7.0,0.0,7.0,0.0,7.0,1.0,7.0,0.0,7.0,0.0,7.0,7.0
2662,2662,2662,2662,,3,35,7.0,0.0,7.0,0.0,7.0,0.0,7.0,0.0,7.0,0.0,7.0,0.0,7.0,7.0
2663,2663,2663,2663,,0,308,6.0,0.0,6.0,0.0,6.0,0.0,6.0,0.0,6.0,0.0,6.0,0.0,6.0,6.0
2664,2664,2664,2664,,20,142,8.0,1.0,8.0,1.0,8.0,1.0,8.0,3.0,8.0,1.0,8.0,1.0,8.0,8.0
2665,2665,2665,2665,,2,457,7.0,0.0,7.0,0.0,7.0,0.0,7.0,0.0,7.0,0.0,7.0,0.0,7.0,7.0
2666,2666,2666,2666,,11,49,8.0,0.0,8.0,0.0,8.0,0.0,8.0,0.0,8.0,0.0,8.0,0.0,8.0,8.0
2667,2667,2667,2667,,14,799,7.0,0.0,7.0,0.0,7.0,0.0,7.0,1.0,7.0,0.0,7.0,0.0,7.0,7.0
2668,2668,2668,2668,,69,360,7.0,2.0,7.0,1.0,7.0,1.0,7.0,2.0,7.0,4.0,7.0,1.0,7.0,7.0
2669,2669,2669,2669,,1,473,6.0,0.0,6.0,0.0,6.0,0.0,6.0,0.0,6.0,0.0,6.0,0.0,6.0,7.0
2670,2670,2670,2670,,0,309,5.0,0.0,5.0,0.0,5.0,0.0,5.0,0.0,5.0,0.0,5.0,0.0,5.0,5.0
2671,2671,2671,2671,,57,60,7.0,1.0,7.0,1.0,7.0,2.0,7.0,2.0,7.0,1.0,7.0,2.0,7.0,7.0
2672,2672,2672,2672,,66,16,7.0,3.0,7.0,1.0,7.0,1.0,7.0,4.0,7.0,1.0,7.0,1.0,7.0,7.0
2673,2673,2673,2673,,24,217,5.0,1.0,5.0,1.0,5.0,2.0,5.0,2.0,5.0,0.0,5.0,1.0,5.0,6.0
2674,2674,2674,2674,,5,42,6.0,0.0,6.0,1.0,6.0,1.0,6.0,1.0,6.0,0.0,6.0,1.0,6.0,6.0
2675,2675,2675,2675,,6,387,7.0,0.0,7.0,0.0,7.0,0.0,7.0,0.0,7.0,0.0,7.0,0.0,7.0,7.0
2676,2676,2676,2676,,30,42,6.0,1.0,6.0,8.0,7.0,1.0,7.0,2.0,7.0,1.0,7.0,1.0,7.0,6.0
2677,2677,2677,2677,,17,218,6.0,1.0,6.0,1.0,6.0,1.0,6.0,2.0,6.0,0.0,6.0,1.0,6.0,6.0
2678,2678,2678,2678,,21,34,7.0,0.0,7.0,1.0,7.0,1.0,7.0,1.0,7.0,0.0,7.0,1.0,7.0,7.0
2679,2679,2679,2679,,0,310,5.0,0.0,5.0,0.0,5.0,0.0,5.0,0.0,5.0,0.0,5.0,0.0,5.0,5.0
2680,2680,2680,2680,,34,92,6.0,1.0,6.0,1.0,6.0,1.0,6.0,1.0,6.0,1.0,6.0,1.0,6.0,6.0
2681,2681,2681,2681,,0,311,6.0,0.0,6.0,0.0,6.0,0.0,6.0,0.0,6.0,0.0,6.0,0.0,6.0,7.0
2682,2682,2682,2682,,9,375,7.0,1.0,7.0,0.0,7.0,1.0,7.0,1.0,7.0,0.0,7.0,1.0,7.0,7.0
2683,2683,2683,2683,,0,312,6.0,0.0,6.0,0.0,6.0,0.0,6.0,0.0,6.0,0.0,6.0,0.0,6.0,7.0
2684,2684,2684,2684,,19,153,5.0,1.0,5.0,1.0,5.0,1.0,5.0,1.0,5.0,0.0,5.0,2.0,5.0,5.0
2685,2685,2685,2685,,17,799,5.0,0.0,5.0,0.0,5.0,0.0,5.0,0.0,5.0,0.0,5.0,0.0,5.0,5.0
2686,2686,2686,2686,,6,35,5.0,0.0,5.0,0.0,5.0,0.0,5.0,1.0,5.0,0.0,5.0,0.0,5.0,6.0
2687,2687,2687,2687,,13,166,4.0,1.0,4.0,2.0,4.0,1.0,4.0,1.0,4.0,1.0,4.0,1.0,4.0,5.0
2688,2688,2688,2688,,9,142,6.0,1.0,6.0,0.0,6.0,1.0,6.0,1.0,6.0,0.0,6.0,1.0,6.0,6.0
2689,2689,2689,2689,,3,531,6.0,0.0,6.0,0.0,6.0,0.0,6.0,0.0,6.0,0.0,6.0,0.0,6.0,6.0
2690,2690,2690,2690,,0,313,6.0,0.0,6.0,0.0,6.0,0.0,6.0,0.0,6.0,0.0,6.0,0.0,6.0,6.0
2691,2691,2691,2691,,0,314,6.0,0.0,6.0,0.0,6.0,0.0,6.0,0.0,6.0,0.0,6.0,0.0,6.0,6.0
2692,2692,2692,2692,,1,460,6.0,0.0,6.0,0.0,6.0,0.0,6.0,0.0,6.0,0.0,6.0,0.0,6.0,6.0
2693,2693,2693,2693,,16,387,6.0,0.0,6.0,0.0,6.0,1.0,6.0,1.0,6.0,0.0,6.0,1.0,6.0,6.0
2694,2694,2694,2694,,15,668,7.0,0.0,7.0,0.0,7.0,0.0,7.0,0.0,7.0,0.0,7.0,0.0,7.0,7.0
2695,2695,2695,2695,,5,217,5.0,0.0,5.0,0.0,5.0,0.0,5.0,0.0,5.0,0.0,5.0,0.0,5.0,5.0
2696,2696,2696,2696,,5,315,5.0,0.0,5.0,0.0,5.0,0.0,5.0,0.0,5.0,0.0,5.0,0.0,5.0,5.0
2697,2697,2697,2697,,37,389,6.0,1.0,6.0,1.0,6.0,1.0,6.0,2.0,6.0,1.0,6.0,1.0,6.0,7.0
2698,2698,2698,2698,,1,316,5.0,0.0,5.0,0.0,5.0,0.0,5.0,0.0,5.0,0.0,5.0,0.0,5.0,6.0
2699,2699,2699,2699,,5,92,6.0,0.0,6.0,0.0,6.0,0.0,6.0,1.0,6.0,0.0,6.0,0.0,6.0,6.0
2700,2700,2700,2700,,6,60,7.0,0.0,7.0,0.0,7.0,0.0,7.0,1.0,7.0,0.0,7.0,0.0,7.0,7.0
2701,2701,2701,2701,,27,92,7.0,1.0,7.0,1.0,7.0,1.0,7.0,2.0,7.0,1.0,7.0,1.0,7.0,7.0
2702,2702,2702,2702,,30,142,6.0,1.0,6.0,1.0,6.0,1.0,6.0,1.0,6.0,1.0,6.0,1.0,6.0,6.0
2703,2703,2703,2703,,11,16,6.0,1.0,6.0,1.0,6.0,1.0,6.0,3.0,6.0,1.0,6.0,1.0,6.0,6.0
2704,2704,2704,2704,,16,360,6.0,1.0,6.0,1.0,6.0,1.0,6.0,1.0,6.0,2.0,6.0,1.0,6.0,7.0
2705,2705,2705,2705,,0,317,4.0,0.0,4.0,0.0,4.0,0.0,4.0,0.0,4.0,0.0,4.0,0.0,4.0,5.0
2706,2706,2706,2706,,7,49,5.0,0.0,5.0,0.0,5.0,0.0,5.0,0.0,5.0,0.0,5.0,0.0,5.0,6.0
2707,2707,2707,2707,,1,318,6.0,0.0,6.0,0.0,6.0,0.0,6.0,0.0,6.0,0.0,6.0,0.0,6.0,7.0
2708,2708,2708,2708,,0,319,6.0,0.0,6.0,0.0,6.0,0.0,6.0,0.0,6.0,0.0,6.0,0.0,6.0,7.0
2709,2709,2709,2709,,22,375,6.0,1.0,6.0,0.0,6.0,1.0,6.0,1.0,6.0,0.0,6.0,1.0,6.0,7.0
2710,2710,2710,2710,,0,320,6.0,0.0,6.0,0.0,6.0,0.0,6.0,0.0,6.0,0.0,6.0,0.0,6.0,6.0
2711,2711,2711,2711,,1,321,7.0,0.0,7.0,0.0,7.0,0.0,7.0,0.0,7.0,0.0,7.0,0.0,7.0,7.0
2712,2712,2712,2712,,10,16,7.0,3.0,7.0,0.0,7.0,1.0,7.0,5.0,7.0,1.0,7.0,1.0,7.0,7.0
2713,2713,2713,2713,,24,218,6.0,0.0,6.0,1.0,6.0,0.0,6.0,1.0,6.0,0.0,6.0,0.0,6.0,7.0
2714,2714,2714,2714,,8,360,6.0,1.0,6.0,0.0,6.0,1.0,6.0,1.0,6.0,2.0,6.0,1.0,6.0,6.0
2715,2715,2715,2715,,0,322,4.0,0.0,4.0,0.0,4.0,0.0,4.0,0.0,4.0,0.0,4.0,0.0,4.0,4.0
2716,2716,2716,2716,,14,270,7.0,0.0,7.0,0.0,7.0,0.0,7.0,1.0,7.0,0.0,7.0,1.0,7.0,8.0
2717,2717,2717,2717,,13,387,8.0,0.0,8.0,1.0,8.0,1.0,8.0,1.0,8.0,0.0,8.0,1.0,8.0,8.0
2718,2718,2718,2718,,7,375,7.0,0.0,7.0,1.0,7.0,0.0,7.0,0.0,7.0,0.0,7.0,0.0,7.0,7.0
2719,2719,2719,2719,,52,49,7.0,1.0,7.0,1.0,7.0,1.0,7.0,1.0,7.0,1.0,7.0,1.0,7.0,7.0
2720,2720,2720,2720,,56,345,5.0,1.0,5.0,1.0,5.0,2.0,5.0,3.0,5.0,1.0,5.0,2.0,5.0,5.0
2721,2721,2721,2721,,8,375,7.0,0.0,7.0,0.0,7.0,0.0,7.0,0.0,7.0,0.0,7.0,0.0,7.0,7.0
2722,2722,2722,2722,,38,375,7.0,1.0,7.0,1.0,7.0,1.0,7.0,1.0,7.0,1.0,7.0,1.0,7.0,7.0
2723,2723,2723,2723,,2,668,6.0,0.0,6.0,0.0,6.0,0.0,6.0,0.0,6.0,0.0,6.0,0.0,6.0,6.0
2724,2724,2724,2724,,1,142,8.0,0.0,8.0,0.0,8.0,0.0,8.0,1.0,8.0,0.0,8.0,0.0,8.0,8.0
2725,2725,2725,2725,,3,35,7.0,0.0,7.0,0.0,7.0,0.0,7.0,0.0,7.0,0.0,7.0,0.0,7.0,7.0
2726,2726,2726,2726,,2,49,6.0,0.0,6.0,0.0,6.0,0.0,6.0,0.0,6.0,0.0,6.0,0.0,6.0,7.0
2727,2727,2727,2727,,17,42,7.0,1.0,7.0,1.0,7.0,1.0,7.0,1.0,7.0,0.0,7.0,1.0,7.0,7.0
2728,2728,2728,2728,,0,323,5.0,0.0,5.0,0.0,5.0,0.0,5.0,0.0,5.0,0.0,5.0,0.0,5.0,6.0
2729,2729,2729,2729,,3,92,5.0,0.0,5.0,0.0,5.0,0.0,5.0,0.0,5.0,0.0,5.0,0.0,5.0,5.0
2730,2730,2730,2730,,27,375,7.0,1.0,7.0,1.0,7.0,1.0,7.0,1.0,7.0,0.0,7.0,1.0,7.0,7.0
2731,2731,2731,2731,,18,387,8.0,0.0,8.0,0.0,8.0,0.0,8.0,0.0,8.0,0.0,8.0,0.0,8.0,8.0
2732,2732,2732,2732,,32,389,6.0,1.0,6.0,1.0,6.0,1.0,6.0,2.0,6.0,0.0,6.0,1.0,6.0,7.0
2733,2733,2733,2733,,16,272,6.0,1.0,6.0,1.0,6.0,1.0,6.0,1.0,6.0,0.0,6.0,2.0,6.0,6.0
2734,2734,2734,2734,,0,324,7.0,0.0,7.0,0.0,7.0,0.0,7.0,0.0,7.0,0.0,7.0,0.0,7.0,7.0
2735,2735,2735,2735,,6,375,5.0,0.0,5.0,1.0,5.0,0.0,5.0,0.0,5.0,0.0,5.0,0.0,5.0,6.0
2736,2736,2736,2736,,2,16,7.0,1.0,7.0,0.0,7.0,0.0,7.0,0.0,7.0,0.0,7.0,0.0,7.0,7.0
2737,2737,2737,2737,,14,217,7.0,1.0,7.0,1.0,7.0,1.0,7.0,2.0,7.0,1.0,7.0,1.0,7.0,7.0
2738,2738,2738,2738,,10,42,6.0,1.0,6.0,2.0,6.0,1.0,6.0,1.0,6.0,0.0,6.0,1.0,6.0,6.0
2739,2739,2739,2739,,10,42,7.0,0.0,7.0,1.0,7.0,1.0,7.0,1.0,7.0,0.0,7.0,1.0,7.0,7.0
2740,2740,2740,2740,,5,217,6.0,1.0,6.0,1.0,6.0,1.0,6.0,1.0,6.0,0.0,6.0,1.0,6.0,6.0
2741,2741,2741,2741,,5,142,6.0,1.0,6.0,1.0,6.0,1.0,6.0,1.0,6.0,2.0,6.0,1.0,6.0,6.0
2742,2742,2742,2742,,42,153,6.0,1.0,6.0,1.0,6.0,1.0,6.0,2.0,6.0,1.0,6.0,2.0,6.0,7.0
2743,2743,2743,2743,,41,218,7.0,1.0,7.0,1.0,7.0,1.0,7.0,2.0,7.0,1.0,7.0,1.0,7.0,7.0
2744,2744,2744,2744,,0,325,5.0,0.0,5.0,0.0,5.0,0.0,5.0,0.0,5.0,0.0,5.0,0.0,5.0,5.0
2745,2745,2745,2745,,0,326,7.0,0.0,7.0,0.0,7.0,0.0,7.0,0.0,7.0,0.0,7.0,0.0,7.0,7.0
2746,2746,2746,2746,,2,272,3.0,0.0,3.0,0.0,3.0,0.0,3.0,0.0,3.0,0.0,3.0,0.0,3.0,4.0
2747,2747,2747,2747,,8,16,6.0,3.0,6.0,0.0,6.0,1.0,6.0,6.0,6.0,1.0,6.0,1.0,6.0,7.0
2748,2748,2748,2748,,0,327,6.0,0.0,6.0,0.0,6.0,0.0,6.0,0.0,6.0,0.0,6.0,0.0,6.0,6.0
2749,2749,2749,2749,,28,142,6.0,1.0,6.0,1.0,6.0,1.0,6.0,1.0,6.0,1.0,6.0,1.0,6.0,6.0
2750,2750,2750,2750,,10,42,6.0,1.0,6.0,2.0,6.0,1.0,6.0,1.0,6.0,0.0,6.0,1.0,6.0,6.0
2751,2751,2751,2751,,96,35,7.0,1.0,7.0,1.0,7.0,1.0,7.0,2.0,7.0,1.0,7.0,1.0,7.0,7.0
2752,2752,2752,2752,,27,375,8.0,1.0,8.0,0.0,8.0,1.0,8.0,1.0,8.0,1.0,8.0,1.0,8.0,8.0
2753,2753,2753,2753,,29,375,7.0,1.0,7.0,1.0,7.0,1.0,7.0,1.0,7.0,1.0,7.0,1.0,7.0,7.0
2754,2754,2754,2754,,1,935,7.0,0.0,7.0,0.0,7.0,0.0,7.0,0.0,7.0,0.0,7.0,0.0,7.0,7.0
2755,2755,2755,2755,,6,16,6.0,1.0,6.0,0.0,6.0,1.0,6.0,1.0,6.0,0.0,6.0,1.0,6.0,6.0
2756,2756,2756,2756,,10,42,7.0,0.0,7.0,1.0,7.0,1.0,7.0,1.0,7.0,0.0,7.0,1.0,7.0,7.0
2757,2757,2757,2757,,19,142,7.0,1.0,7.0,1.0,7.0,1.0,7.0,3.0,7.0,1.0,7.0,1.0,7.0,8.0
2758,2758,2758,2758,,7,142,6.0,0.0,6.0,0.0,6.0,1.0,6.0,1.0,6.0,1.0,6.0,0.0,6.0,7.0
2759,2759,2759,2759,,0,328,6.0,0.0,6.0,0.0,6.0,0.0,6.0,0.0,6.0,0.0,6.0,0.0,6.0,6.0
2760,2760,2760,2760,,16,375,8.0,1.0,8.0,0.0,8.0,1.0,8.0,1.0,8.0,1.0,8.0,1.0,8.0,8.0
2761,2761,2761,2761,,0,329,7.0,0.0,7.0,0.0,7.0,0.0,7.0,0.0,7.0,0.0,7.0,0.0,7.0,7.0
2762,2762,2762,2762,,16,34,6.0,0.0,6.0,2.0,6.0,1.0,6.0,1.0,6.0,0.0,6.0,0.0,6.0,7.0
2763,2763,2763,2763,,45,270,6.0,1.0,6.0,1.0,6.0,1.0,6.0,2.0,6.0,1.0,6.0,1.0,6.0,6.0
2764,2764,2764,2764,,0,330,7.0,0.0,7.0,0.0,7.0,0.0,7.0,0.0,7.0,0.0,7.0,0.0,7.0,7.0
2765,2765,2765,2765,,99,35,6.0,1.0,6.0,1.0,6.0,1.0,6.0,2.0,6.0,1.0,6.0,1.0,6.0,6.0
2766,2766,2766,2766,,24,142,5.0,2.0,5.0,1.0,5.0,2.0,5.0,3.0,5.0,1.0,5.0,2.0,5.0,6.0
2767,2767,2767,2767,,8,375,6.0,0.0,6.0,0.0,6.0,0.0,6.0,0.0,6.0,0.0,6.0,0.0,6.0,6.0
2768,2768,2768,2768,,1,331,6.0,0.0,6.0,0.0,6.0,0.0,6.0,0.0,6.0,0.0,6.0,0.0,6.0,6.0
2769,2769,2769,2769,,58,375,7.0,1.0,7.0,1.0,7.0,1.0,7.0,1.0,7.0,0.0,7.0,1.0,7.0,7.0
2770,2770,2770,2770,,3,272,6.0,0.0,6.0,0.0,6.0,0.0,6.0,0.0,6.0,0.0,6.0,0.0,6.0,6.0
2771,2771,2771,2771,,3,345,5.0,0.0,5.0,0.0,5.0,0.0,5.0,0.0,5.0,0.0,5.0,0.0,5.0,6.0
2772,2772,2772,2772,,0,332,7.0,0.0,7.0,0.0,7.0,0.0,7.0,0.0,7.0,0.0,7.0,0.0,7.0,7.0
2773,2773,2773,2773,,37,218,6.0,1.0,6.0,1.0,6.0,1.0,6.0,2.0,6.0,1.0,6.0,1.0,6.0,6.0
2774,2774,2774,2774,,0,333,5.0,0.0,5.0,0.0,5.0,0.0,5.0,0.0,5.0,0.0,5.0,0.0,5.0,5.0
2775,2775,2775,2775,,15,218,7.0,0.0,7.0,1.0,7.0,1.0,7.0,1.0,7.0,0.0,7.0,1.0,7.0,7.0
2776,2776,2776,2776,,4,35,8.0,0.0,8.0,0.0,8.0,0.0,8.0,0.0,8.0,0.0,8.0,0.0,8.0,8.0
2777,2777,2777,2777,,0,334,5.0,0.0,5.0,0.0,5.0,0.0,5.0,0.0,5.0,0.0,5.0,0.0,5.0,6.0
2778,2778,2778,2778,,15,375,6.0,1.0,6.0,0.0,6.0,1.0,6.0,1.0,6.0,0.0,6.0,1.0,6.0,7.0
2779,2779,2779,2779,,5,49,6.0,0.0,6.0,0.0,6.0,0.0,6.0,0.0,6.0,0.0,6.0,0.0,6.0,6.0
2780,2780,2780,2780,,9,217,5.0,0.0,5.0,1.0,5.0,2.0,5.0,2.0,5.0,0.0,5.0,2.0,5.0,5.0
2781,2781,2781,2781,,30,375,6.0,1.0,6.0,1.0,6.0,1.0,6.0,1.0,6.0,1.0,6.0,1.0,6.0,7.0
2782,2782,2782,2782,,9,360,6.0,1.0,6.0,0.0,6.0,1.0,6.0,1.0,6.0,2.0,6.0,1.0,6.0,6.0
2783,2783,2783,2783,,43,270,7.0,1.0,7.0,1.0,7.0,1.0,7.0,2.0,7.0,1.0,7.0,1.0,7.0,7.0
2784,2784,2784,2784,,0,335,6.0,0.0,6.0,0.0,6.0,0.0,6.0,0.0,6.0,0.0,6.0,0.0,6.0,6.0
2785,2785,2785,2785,,0,336,5.0,0.0,5.0,0.0,5.0,0.0,5.0,0.0,5.0,0.0,5.0,0.0,5.0,6.0
2786,2786,2786,2786,,8,272,6.0,0.0,6.0,0.0,6.0,1.0,6.0,1.0,6.0,1.0,6.0,1.0,6.0,7.0
2787,2787,2787,2787,,0,337,7.0,0.0,7.0,0.0,7.0,0.0,7.0,0.0,7.0,0.0,7.0,0.0,7.0,8.0
2788,2788,2788,2788,,19,218,7.0,1.0,7.0,1.0,7.0,1.0,7.0,1.0,7.0,1.0,7.0,1.0,7.0,7.0
2789,2789,2789,2789,,2,338,7.0,0.0,7.0,0.0,7.0,0.0,7.0,0.0,7.0,0.0,7.0,0.0,7.0,7.0
2790,2790,2790,2790,,132,35,8.0,2.0,8.0,1.0,8.0,1.0,8.0,2.0,8.0,1.0,8.0,1.0,8.0,8.0
2791,2791,2791,2791,,0,339,6.0,0.0,6.0,0.0,6.0,0.0,6.0,0.0,6.0,0.0,6.0,0.0,6.0,6.0
2792,2792,2792,2792,,77,360,8.0,2.0,8.0,1.0,8.0,1.0,8.0,2.0,8.0,4.0,8.0,2.0,8.0,8.0
2793,2793,2793,2793,,5,49,6.0,0.0,6.0,0.0,6.0,0.0,6.0,0.0,6.0,0.0,6.0,0.0,6.0,6.0
2794,2794,2794,2794,,3,272,6.0,0.0,6.0,0.0,6.0,0.0,6.0,0.0,6.0,0.0,6.0,0.0,6.0,6.0
2795,2795,2795,2795,,0,340,5.0,0.0,5.0,0.0,5.0,0.0,5.0,0.0,5.0,0.0,5.0,0.0,5.0,6.0
2796,2796,2796,2796,,5,799,8.0,0.0,8.0,0.0,8.0,0.0,8.0,0.0,8.0,0.0,8.0,0.0,8.0,9.0
2797,2797,2797,2797,,18,92,7.0,1.0,7.0,1.0,7.0,1.0,7.0,3.0,7.0,0.0,7.0,1.0,7.0,7.0
2798,2798,2798,2798,,54,60,8.0,1.0,8.0,1.0,8.0,1.0,8.0,2.0,8.0,1.0,8.0,2.0,8.0,8.0
2799,2799,2799,2799,,3,457,8.0,0.0,8.0,0.0,8.0,0.0,8.0,0.0,8.0,0.0,8.0,0.0,8.0,8.0
2800,2800,2800,2800,,0,341,6.0,0.0,6.0,0.0,6.0,0.0,6.0,0.0,6.0,0.0,6.0,0.0,6.0,6.0
2801,2801,2801,2801,,0,342,7.0,0.0,7.0,0.0,7.0,0.0,7.0,0.0,7.0,0.0,7.0,0.0,7.0,7.0
2802,2802,2802,2802,,1,375,6.0,0.0,6.0,0.0,6.0,0.0,6.0,0.0,6.0,0.0,6.0,0.0,6.0,6.0
2803,2803,2803,2803,,20,35,6.0,1.0,6.0,1.0,6.0,1.0,6.0,1.0,6.0,1.0,6.0,1.0,6.0,7.0
2804,2804,2804,2804,,0,343,6.0,0.0,6.0,0.0,6.0,0.0,6.0,0.0,6.0,0.0,6.0,0.0,6.0,6.0
2805,2805,2805,2805,,108,60,7.0,1.0,7.0,1.0,7.0,2.0,7.0,2.0,7.0,1.0,7.0,2.0,7.0,7.0
2806,2806,2806,2806,,0,344,7.0,0.0,7.0,0.0,7.0,0.0,7.0,0.0,7.0,0.0,7.0,0.0,7.0,8.0
2807,2807,2807,2807,,1,438,6.0,0.0,6.0,0.0,6.0,0.0,6.0,0.0,6.0,0.0,6.0,0.0,6.0,7.0
2808,2808,2808,2808,,6,217,8.0,0.0,8.0,0.0,8.0,2.0,8.0,1.0,8.0,0.0,8.0,1.0,8.0,8.0
2809,2809,2809,2809,,81,60,8.0,1.0,8.0,1.0,8.0,2.0,8.0,2.0,8.0,1.0,8.0,3.0,8.0,8.0
2810,2810,2810,2810,,10,345,6.0,0.0,6.0,1.0,6.0,1.0,6.0,1.0,6.0,0.0,6.0,1.0,6.0,7.0
2811,2811,2811,2811,,0,346,8.0,0.0,8.0,0.0,8.0,0.0,8.0,0.0,8.0,0.0,8.0,0.0,8.0,8.0
2812,2812,2812,2812,,3,16,6.0,0.0,6.0,0.0,6.0,0.0,6.0,0.0,6.0,0.0,6.0,0.0,6.0,7.0
2813,2813,2813,2813,,14,42,7.0,1.0,7.0,2.0,7.0,1.0,7.0,2.0,7.0,1.0,7.0,1.0,7.0,7.0
2814,2814,2814,2814,,17,668,6.0,1.0,6.0,1.0,6.0,1.0,6.0,1.0,6.0,0.0,6.0,1.0,6.0,6.0
2815,2815,2815,2815,,48,60,7.0,1.0,7.0,1.0,7.0,1.0,7.0,2.0,7.0,1.0,7.0,2.0,7.0,8.0
2816,2816,2816,2816,,3,270,6.0,0.0,6.0,0.0,6.0,0.0,6.0,0.0,6.0,0.0,6.0,0.0,6.0,7.0
2817,2817,2817,2817,,0,347,7.0,0.0,7.0,0.0,7.0,0.0,7.0,0.0,7.0,0.0,7.0,0.0,7.0,7.0
2818,2818,2818,2818,,13,799,7.0,0.0,7.0,0.0,7.0,0.0,7.0,1.0,7.0,0.0,7.0,0.0,7.0,7.0
2819,2819,2819,2819,,1,142,6.0,0.0,6.0,0.0,6.0,0.0,6.0,1.0,6.0,0.0,6.0,1.0,6.0,7.0
2820,2820,2820,2820,,21,218,7.0,1.0,7.0,1.0,7.0,1.0,7.0,3.0,7.0,0.0,7.0,1.0,7.0,7.0
2821,2821,2821,2821,,30,166,7.0,1.0,7.0,1.0,7.0,1.0,7.0,1.0,7.0,1.0,7.0,1.0,7.0,7.0
2822,2822,2822,2822,,12,35,7.0,1.0,7.0,1.0,7.0,1.0,7.0,1.0,7.0,1.0,7.0,1.0,7.0,7.0
2823,2823,2823,2823,,18,218,6.0,1.0,6.0,1.0,6.0,1.0,6.0,2.0,6.0,0.0,6.0,1.0,6.0,6.0
2824,2824,2824,2824,,3,142,7.0,0.0,7.0,1.0,7.0,2.0,7.0,3.0,7.0,0.0,7.0,2.0,7.0,7.0
2825,2825,2825,2825,,5,92,6.0,0.0,6.0,0.0,6.0,0.0,6.0,0.0,6.0,1.0,6.0,1.0,6.0,6.0
2826,2826,2826,2826,,6,49,7.0,0.0,7.0,0.0,7.0,0.0,7.0,0.0,7.0,0.0,7.0,0.0,7.0,7.0
2827,2827,2827,2827,,8,166,5.0,0.0,5.0,0.0,5.0,0.0,5.0,0.0,5.0,0.0,5.0,0.0,5.0,6.0
2828,2828,2828,2828,,25,142,7.0,2.0,7.0,1.0,7.0,1.0,7.0,2.0,7.0,1.0,7.0,2.0,7.0,7.0
2829,2829,2829,2829,,46,272,7.0,1.0,7.0,1.0,7.0,1.0,7.0,1.0,7.0,0.0,7.0,1.0,7.0,7.0
2830,2830,2830,2830,,9,217,7.0,0.0,7.0,1.0,7.0,1.0,7.0,1.0,7.0,0.0,7.0,1.0,7.0,7.0
2831,2831,2831,2831,,1,49,6.0,0.0,6.0,0.0,6.0,0.0,6.0,0.0,6.0,0.0,6.0,0.0,6.0,6.0
2832,2832,2832,2832,,31,217,6.0,1.0,6.0,2.0,6.0,2.0,6.0,2.0,6.0,1.0,6.0,1.0,6.0,6.0
2833,2833,2833,2833,,0,348,5.0,0.0,5.0,0.0,5.0,0.0,5.0,0.0,5.0,0.0,5.0,0.0,5.0,5.0
2834,2834,2834,2834,,4,345,6.0,0.0,6.0,1.0,6.0,1.0,6.0,1.0,6.0,0.0,6.0,1.0,6.0,7.0
2835,2835,2835,2835,,8,270,7.0,0.0,7.0,0.0,7.0,0.0,7.0,0.0,7.0,0.0,7.0,0.0,7.0,7.0
2836,2836,2836,2836,,15,372,7.0,3.0,7.0,1.0,7.0,2.0,7.0,1.0,7.0,1.0,7.0,2.0,7.0,7.0
2837,2837,2837,2837,,2,166,7.0,0.0,7.0,0.0,7.0,0.0,7.0,0.0,7.0,0.0,7.0,0.0,7.0,7.0
2838,2838,2838,2838,,0,349,8.0,0.0,8.0,0.0,8.0,0.0,8.0,0.0,8.0,0.0,8.0,0.0,8.0,8.0
2839,2839,2839,2839,,31,42,7.0,1.0,7.0,8.0,7.0,1.0,7.0,2.0,7.0,1.0,7.0,1.0,7.0,7.0
2840,2840,2840,2840,,6,217,6.0,0.0,6.0,0.0,6.0,0.0,6.0,0.0,6.0,0.0,6.0,0.0,6.0,7.0
2841,2841,2841,2841,,8,372,5.0,0.0,5.0,0.0,5.0,0.0,5.0,1.0,5.0,0.0,5.0,2.0,5.0,6.0
2842,2842,2842,2842,,67,360,7.0,2.0,7.0,1.0,7.0,1.0,7.0,2.0,7.0,4.0,7.0,1.0,7.0,7.0
2843,2843,2843,2843,,44,49,7.0,1.0,7.0,0.0,7.0,1.0,7.0,1.0,7.0,0.0,7.0,1.0,7.0,8.0
2844,2844,2844,2844,,38,49,6.0,1.0,6.0,1.0,6.0,1.0,6.0,2.0,6.0,0.0,6.0,1.0,6.0,7.0
2845,2845,2845,2845,,46,272,7.0,1.0,7.0,1.0,7.0,1.0,7.0,1.0,7.0,0.0,7.0,1.0,7.0,7.0
2846,2846,2846,2846,,6,270,6.0,1.0,6.0,0.0,6.0,0.0,6.0,4.0,6.0,0.0,6.0,0.0,6.0,6.0
2847,2847,2847,2847,,1,812,6.0,0.0,6.0,0.0,6.0,0.0,6.0,0.0,6.0,0.0,6.0,0.0,6.0,6.0
2848,2848,2848,2848,,0,350,4.0,0.0,4.0,0.0,4.0,0.0,4.0,0.0,4.0,0.0,4.0,0.0,4.0,5.0
2849,2849,2849,2849,,11,218,7.0,0.0,7.0,1.0,7.0,1.0,7.0,1.0,7.0,0.0,7.0,1.0,7.0,7.0
2850,2850,2850,2850,,52,369,7.0,1.0,7.0,1.0,7.0,1.0,7.0,2.0,7.0,1.0,7.0,3.0,7.0,7.0
2851,2851,2851,2851,,2,42,5.0,0.0,5.0,0.0,5.0,0.0,5.0,0.0,5.0,0.0,5.0,0.0,5.0,6.0
2852,2852,2852,2852,,39,218,6.0,1.0,6.0,1.0,6.0,1.0,6.0,1.0,6.0,0.0,6.0,1.0,6.0,6.0
2853,2853,2853,2853,,30,217,7.0,1.0,7.0,1.0,7.0,2.0,7.0,2.0,7.0,0.0,7.0,2.0,7.0,8.0
2854,2854,2854,2854,,0,351,5.0,0.0,5.0,0.0,5.0,0.0,5.0,0.0,5.0,0.0,5.0,0.0,5.0,6.0
2855,2855,2855,2855,,3,16,5.0,0.0,5.0,0.0,5.0,0.0,5.0,4.0,5.0,0.0,5.0,0.0,5.0,6.0
2856,2856,2856,2856,,1,352,6.0,0.0,6.0,0.0,6.0,0.0,6.0,0.0,6.0,0.0,6.0,0.0,6.0,6.0
2857,2857,2857,2857,,10,35,6.0,1.0,6.0,0.0,6.0,1.0,6.0,1.0,6.0,1.0,6.0,1.0,6.0,6.0
2858,2858,2858,2858,,2,42,6.0,0.0,6.0,0.0,6.0,0.0,6.0,0.0,6.0,0.0,6.0,0.0,6.0,7.0
2859,2859,2859,2859,,25,49,6.0,1.0,6.0,1.0,6.0,1.0,6.0,1.0,6.0,0.0,6.0,1.0,6.0,7.0
2860,2860,2860,2860,,11,218,8.0,1.0,8.0,1.0,8.0,1.0,8.0,1.0,8.0,1.0,8.0,1.0,8.0,8.0
2861,2861,2861,2861,,23,218,5.0,1.0,5.0,1.0,5.0,1.0,5.0,2.0,5.0,0.0,5.0,1.0,5.0,5.0
2862,2862,2862,2862,,2,16,8.0,1.0,8.0,0.0,8.0,0.0,8.0,2.0,8.0,0.0,8.0,0.0,8.0,8.0
2863,2863,2863,2863,,8,49,7.0,0.0,7.0,0.0,7.0,0.0,7.0,0.0,7.0,0.0,7.0,0.0,7.0,8.0
2864,2864,2864,2864,,1,573,6.0,0.0,6.0,0.0,6.0,0.0,6.0,0.0,6.0,0.0,6.0,0.0,6.0,6.0
2865,2865,2865,2865,,0,353,6.0,0.0,6.0,0.0,6.0,0.0,6.0,0.0,6.0,0.0,6.0,0.0,6.0,7.0
2866,2866,2866,2866,,0,354,7.0,0.0,7.0,0.0,7.0,0.0,7.0,0.0,7.0,0.0,7.0,0.0,7.0,7.0
2867,2867,2867,2867,,1,92,5.0,0.0,5.0,0.0,5.0,0.0,5.0,0.0,5.0,0.0,5.0,0.0,5.0,6.0
2868,2868,2868,2868,,8,16,6.0,1.0,6.0,1.0,6.0,1.0,6.0,3.0,6.0,1.0,6.0,1.0,6.0,7.0
2869,2869,2869,2869,,3,568,6.0,0.0,6.0,0.0,6.0,0.0,6.0,0.0,6.0,0.0,6.0,0.0,6.0,6.0
2870,2870,2870,2870,,20,387,6.0,0.0,6.0,0.0,6.0,0.0,6.0,0.0,6.0,0.0,6.0,0.0,6.0,6.0
2871,2871,2871,2871,,2,375,6.0,0.0,6.0,0.0,6.0,1.0,6.0,1.0,6.0,0.0,6.0,0.0,6.0,6.0
2872,2872,2872,2872,,2,60,3.0,0.0,3.0,0.0,3.0,0.0,3.0,0.0,3.0,0.0,3.0,0.0,3.0,3.0
2873,2873,2873,2873,,15,668,6.0,0.0,6.0,0.0,6.0,0.0,6.0,0.0,6.0,0.0,6.0,0.0,6.0,6.0
2874,2874,2874,2874,,8,49,5.0,0.0,5.0,0.0,5.0,0.0,5.0,0.0,5.0,0.0,5.0,0.0,5.0,5.0
2875,2875,2875,2875,,12,49,7.0,1.0,7.0,1.0,7.0,2.0,7.0,2.0,7.0,1.0,7.0,1.0,7.0,7.0
2876,2876,2876,2876,,0,355,6.0,0.0,6.0,0.0,6.0,0.0,6.0,0.0,6.0,0.0,6.0,0.0,6.0,6.0
2877,2877,2877,2877,,2,153,7.0,0.0,7.0,0.0,7.0,0.0,7.0,0.0,7.0,0.0,7.0,0.0,7.0,7.0
2878,2878,2878,2878,,3,375,7.0,0.0,7.0,0.0,7.0,0.0,7.0,0.0,7.0,0.0,7.0,0.0,7.0,8.0
2879,2879,2879,2879,,0,356,7.0,0.0,7.0,0.0,7.0,0.0,7.0,0.0,7.0,0.0,7.0,0.0,7.0,7.0
2880,2880,2880,2880,,59,345,7.0,1.0,7.0,1.0,7.0,2.0,7.0,3.0,7.0,1.0,7.0,2.0,7.0,7.0
2881,2881,2881,2881,,0,357,7.0,0.0,7.0,0.0,7.0,0.0,7.0,0.0,7.0,0.0,7.0,0.0,7.0,7.0
2882,2882,2882,2882,,0,358,6.0,0.0,6.0,0.0,6.0,0.0,6.0,0.0,6.0,0.0,6.0,0.0,6.0,7.0
2883,2883,2883,2883,,19,375,7.0,1.0,7.0,0.0,7.0,0.0,7.0,1.0,7.0,0.0,7.0,0.0,7.0,7.0
2884,2884,2884,2884,,5,49,7.0,0.0,7.0,0.0,7.0,0.0,7.0,0.0,7.0,0.0,7.0,0.0,7.0,7.0
2885,2885,2885,2885,,1,937,6.0,0.0,6.0,0.0,6.0,0.0,6.0,0.0,6.0,0.0,6.0,0.0,6.0,6.0
2886,2886,2886,2886,,3,387,7.0,0.0,7.0,0.0,7.0,0.0,7.0,0.0,7.0,0.0,7.0,0.0,7.0,8.0
2887,2887,2887,2887,,11,372,7.0,1.0,7.0,0.0,7.0,1.0,7.0,1.0,7.0,0.0,7.0,1.0,7.0,7.0
2888,2888,2888,2888,,4,92,7.0,0.0,7.0,0.0,7.0,0.0,7.0,0.0,7.0,0.0,7.0,0.0,7.0,7.0
2889,2889,2889,2889,,42,218,6.0,1.0,6.0,1.0,6.0,1.0,6.0,2.0,6.0,1.0,6.0,1.0,6.0,6.0
2890,2890,2890,2890,,3,218,6.0,0.0,6.0,0.0,6.0,0.0,6.0,0.0,6.0,0.0,6.0,0.0,6.0,6.0
2891,2891,2891,2891,,0,359,6.0,0.0,6.0,0.0,6.0,0.0,6.0,0.0,6.0,0.0,6.0,0.0,6.0,6.0
2892,2892,2892,2892,,9,360,5.0,1.0,5.0,1.0,5.0,1.0,5.0,1.0,5.0,2.0,5.0,1.0,5.0,6.0
2893,2893,2893,2893,,0,361,7.0,0.0,7.0,0.0,7.0,0.0,7.0,0.0,7.0,0.0,7.0,0.0,7.0,7.0
2894,2894,2894,2894,,16,799,7.0,0.0,7.0,0.0,7.0,0.0,7.0,0.0,7.0,0.0,7.0,0.0,7.0,7.0
2895,2895,2895,2895,,31,389,5.0,1.0,5.0,1.0,5.0,1.0,5.0,2.0,5.0,0.0,5.0,1.0,5.0,6.0
2896,2896,2896,2896,,5,49,5.0,0.0,5.0,0.0,5.0,0.0,5.0,0.0,5.0,0.0,5.0,0.0,5.0,5.0
2897,2897,2897,2897,,25,218,7.0,1.0,7.0,1.0,7.0,1.0,7.0,1.0,7.0,0.0,7.0,1.0,7.0,7.0
2898,2898,2898,2898,,0,362,8.0,0.0,8.0,0.0,8.0,0.0,8.0,0.0,8.0,0.0,8.0,0.0,8.0,8.0
2899,2899,2899,2899,,0,363,3.0,0.0,3.0,0.0,3.0,0.0,3.0,0.0,3.0,0.0,3.0,0.0,3.0,4.0
2900,2900,2900,2900,,0,364,6.0,0.0,6.0,0.0,6.0,0.0,6.0,0.0,6.0,0.0,6.0,0.0,6.0,6.0
2901,2901,2901,2901,,4,272,6.0,0.0,6.0,0.0,6.0,0.0,6.0,0.0,6.0,0.0,6.0,1.0,6.0,6.0
2902,2902,2902,2902,,4,375,7.0,0.0,7.0,0.0,7.0,0.0,7.0,0.0,7.0,0.0,7.0,0.0,7.0,7.0
2903,2903,2903,2903,,0,365,4.0,0.0,4.0,0.0,4.0,0.0,4.0,0.0,4.0,0.0,4.0,0.0,4.0,4.0
2904,2904,2904,2904,,12,270,6.0,2.0,6.0,0.0,6.0,1.0,6.0,1.0,6.0,1.0,6.0,1.0,6.0,6.0
2905,2905,2905,2905,,16,92,8.0,1.0,8.0,1.0,8.0,1.0,8.0,2.0,8.0,0.0,8.0,1.0,8.0,8.0
2906,2906,2906,2906,,0,366,4.0,0.0,4.0,0.0,4.0,0.0,4.0,0.0,4.0,0.0,4.0,0.0,4.0,4.0
2907,2907,2907,2907,,15,372,6.0,3.0,6.0,1.0,6.0,1.0,6.0,1.0,6.0,1.0,6.0,2.0,6.0,6.0
2908,2908,2908,2908,,1,367,8.0,0.0,8.0,0.0,8.0,0.0,8.0,0.0,8.0,0.0,8.0,0.0,8.0,8.0
2909,2909,2909,2909,,6,218,6.0,0.0,6.0,0.0,6.0,0.0,6.0,0.0,6.0,0.0,6.0,0.0,6.0,6.0
2910,2910,2910,2910,,0,368,6.0,0.0,6.0,0.0,6.0,0.0,6.0,0.0,6.0,0.0,6.0,0.0,6.0,6.0
2911,2911,2911,2911,,101,60,7.0,1.0,7.0,1.0,7.0,1.0,7.0,2.0,7.0,1.0,7.0,2.0,7.0,7.0
2912,2912,2912,2912,,49,60,8.0,1.0,8.0,1.0,8.0,2.0,8.0,2.0,8.0,1.0,8.0,2.0,8.0,8.0
2913,2913,2913,2913,,20,218,6.0,1.0,6.0,1.0,6.0,1.0,6.0,1.0,6.0,0.0,6.0,1.0,6.0,6.0
2914,2914,2914,2914,,12,799,7.0,0.0,7.0,0.0,7.0,0.0,7.0,1.0,7.0,0.0,7.0,0.0,7.0,7.0
2915,2915,2915,2915,,10,375,7.0,0.0,7.0,0.0,7.0,0.0,7.0,0.0,7.0,0.0,7.0,0.0,7.0,8.0
2916,2916,2916,2916,,2,553,6.0,0.0,6.0,0.0,6.0,0.0,6.0,0.0,6.0,0.0,6.0,0.0,6.0,6.0
2917,2917,2917,2917,,84,35,7.0,1.0,7.0,1.0,7.0,1.0,7.0,2.0,7.0,1.0,7.0,1.0,7.0,7.0
2918,2918,2918,2918,,12,166,6.0,1.0,6.0,0.0,6.0,0.0,6.0,1.0,6.0,0.0,6.0,0.0,6.0,7.0
2919,2919,2919,2919,,22,270,7.0,1.0,7.0,0.0,7.0,0.0,7.0,1.0,7.0,0.0,7.0,1.0,7.0,7.0
2920,2920,2920,2920,,7,42,7.0,2.0,7.0,0.0,7.0,1.0,7.0,1.0,7.0,0.0,7.0,0.0,7.0,7.0
2921,2921,2921,2921,,2,167,4.0,0.0,4.0,0.0,4.0,0.0,4.0,0.0,4.0,0.0,4.0,0.0,4.0,6.0
2922,2922,2922,2922,,63,360,7.0,2.0,7.0,1.0,7.0,1.0,7.0,2.0,7.0,5.0,7.0,1.0,7.0,7.0
2923,2923,2923,2923,,2,389,6.0,0.0,6.0,0.0,6.0,0.0,6.0,0.0,6.0,0.0,6.0,0.0,6.0,6.0
2924,2924,2924,2924,,40,16,7.0,3.0,7.0,1.0,7.0,1.0,7.0,4.0,7.0,1.0,7.0,1.0,7.0,7.0
2925,2925,2925,2925,,16,375,8.0,1.0,8.0,0.0,8.0,0.0,8.0,1.0,8.0,0.0,8.0,1.0,8.0,8.0
2926,2926,2926,2926,,10,375,7.0,1.0,7.0,0.0,7.0,1.0,7.0,1.0,7.0,0.0,7.0,1.0,7.0,7.0
2927,2927,2927,2927,,21,369,7.0,1.0,7.0,1.0,7.0,1.0,7.0,1.0,7.0,0.0,7.0,1.0,7.0,7.0
2928,2928,2928,2928,,0,370,6.0,0.0,6.0,0.0,6.0,0.0,6.0,0.0,6.0,0.0,6.0,0.0,6.0,6.0
2929,2929,2929,2929,,6,34,7.0,0.0,7.0,0.0,7.0,0.0,7.0,0.0,7.0,0.0,7.0,0.0,7.0,7.0
2930,2930,2930,2930,,33,389,7.0,1.0,7.0,1.0,7.0,1.0,7.0,2.0,7.0,0.0,7.0,1.0,7.0,8.0
2931,2931,2931,2931,,0,371,4.0,0.0,4.0,0.0,4.0,0.0,4.0,0.0,4.0,0.0,4.0,0.0,4.0,6.0
2932,2932,2932,2932,,15,799,6.0,0.0,6.0,0.0,6.0,1.0,6.0,1.0,6.0,0.0,6.0,1.0,6.0,6.0
2933,2933,2933,2933,,3,42,6.0,0.0,6.0,3.0,6.0,0.0,6.0,0.0,6.0,0.0,6.0,0.0,6.0,7.0
2934,2934,2934,2934,,33,42,6.0,1.0,6.0,7.0,6.0,1.0,6.0,2.0,6.0,1.0,6.0,1.0,6.0,6.0
2935,2935,2935,2935,,9,35,7.0,0.0,7.0,0.0,7.0,1.0,7.0,1.0,7.0,0.0,7.0,0.0,7.0,7.0
2936,2936,2936,2936,,10,372,8.0,0.0,8.0,0.0,8.0,0.0,8.0,0.0,8.0,0.0,8.0,1.0,8.0,8.0
2937,2937,2937,2937,,0,373,6.0,0.0,6.0,0.0,6.0,0.0,6.0,0.0,6.0,0.0,6.0,0.0,6.0,6.0
2938,2938,2938,2938,,4,217,6.0,0.0,6.0,0.0,6.0,0.0,6.0,0.0,6.0,0.0,6.0,0.0,6.0,6.0
2939,2939,2939,2939,,15,375,6.0,1.0,6.0,1.0,6.0,1.0,6.0,2.0,6.0,1.0,6.0,1.0,6.0,7.0
2940,2940,2940,2940,,0,374,5.0,0.0,5.0,0.0,5.0,0.0,5.0,0.0,5.0,0.0,5.0,0.0,5.0,5.0
2941,2941,2941,2941,,41,217,7.0,1.0,7.0,1.0,7.0,3.0,7.0,3.0,7.0,1.0,7.0,2.0,7.0,7.0
2942,2942,2942,2942,,62,16,7.0,4.0,7.0,1.0,7.0,1.0,7.0,4.0,7.0,1.0,7.0,1.0,7.0,7.0
2943,2943,2943,2943,,48,375,7.0,1.0,7.0,0.0,7.0,1.0,7.0,1.0,7.0,0.0,7.0,1.0,7.0,7.0
2944,2944,2944,2944,,62,217,7.0,1.0,7.0,3.0,7.0,3.0,7.0,3.0,7.0,1.0,7.0,2.0,7.0,7.0
2945,2945,2945,2945,,0,376,5.0,0.0,5.0,0.0,5.0,0.0,5.0,0.0,5.0,0.0,5.0,0.0,5.0,6.0
2946,2946,2946,2946,,6,218,8.0,0.0,8.0,2.0,8.0,0.0,8.0,1.0,8.0,0.0,8.0,0.0,8.0,8.0
2947,2947,2947,2947,,3,35,8.0,0.0,8.0,1.0,8.0,1.0,8.0,1.0,8.0,0.0,8.0,1.0,8.0,8.0
2948,2948,2948,2948,,11,375,7.0,1.0,7.0,0.0,7.0,0.0,7.0,1.0,7.0,0.0,7.0,1.0,7.0,7.0
2949,2949,2949,2949,,21,16,5.0,2.0,5.0,1.0,5.0,1.0,5.0,4.0,5.0,1.0,5.0,1.0,5.0,5.0
2950,2950,2950,2950,,2,218,7.0,0.0,7.0,0.0,7.0,0.0,7.0,0.0,7.0,0.0,7.0,0.0,7.0,7.0
2951,2951,2951,2951,,21,375,7.0,1.0,7.0,1.0,7.0,1.0,7.0,2.0,7.0,1.0,7.0,1.0,7.0,7.0
2952,2952,2952,2952,,6,218,6.0,0.0,6.0,0.0,6.0,0.0,6.0,0.0,6.0,0.0,6.0,0.0,6.0,6.0
2953,2953,2953,2953,,3,34,5.0,0.0,5.0,0.0,5.0,0.0,5.0,0.0,5.0,0.0,5.0,0.0,5.0,5.0
2954,2954,2954,2954,,2,387,6.0,0.0,6.0,0.0,6.0,0.0,6.0,0.0,6.0,0.0,6.0,0.0,6.0,6.0
2955,2955,2955,2955,,1,423,6.0,0.0,6.0,0.0,6.0,0.0,6.0,0.0,6.0,0.0,6.0,0.0,6.0,6.0
2956,2956,2956,2956,,9,389,6.0,1.0,6.0,1.0,6.0,1.0,6.0,2.0,6.0,0.0,6.0,1.0,6.0,6.0
2957,2957,2957,2957,,0,377,6.0,0.0,6.0,0.0,6.0,0.0,6.0,0.0,6.0,0.0,6.0,0.0,6.0,6.0
2958,2958,2958,2958,,1,455,6.0,0.0,6.0,0.0,6.0,0.0,6.0,0.0,6.0,0.0,6.0,0.0,6.0,6.0
2959,2959,2959,2959,,16,799,7.0,0.0,7.0,0.0,7.0,0.0,7.0,0.0,7.0,0.0,7.0,0.0,7.0,7.0
2960,2960,2960,2960,,15,218,6.0,1.0,6.0,3.0,6.0,1.0,6.0,1.0,6.0,1.0,6.0,1.0,6.0,6.0
2961,2961,2961,2961,,0,378,6.0,0.0,6.0,0.0,6.0,0.0,6.0,0.0,6.0,0.0,6.0,0.0,6.0,6.0
2962,2962,2962,2962,,1,483,6.0,0.0,6.0,0.0,6.0,0.0,6.0,0.0,6.0,0.0,6.0,0.0,6.0,6.0
2963,2963,2963,2963,,1,379,6.0,0.0,6.0,0.0,6.0,0.0,6.0,0.0,6.0,0.0,6.0,0.0,6.0,7.0
2964,2964,2964,2964,,5,35,5.0,0.0,5.0,0.0,5.0,0.0,5.0,0.0,5.0,0.0,5.0,0.0,5.0,6.0
2965,2965,2965,2965,,64,35,6.0,1.0,6.0,1.0,6.0,1.0,6.0,2.0,6.0,1.0,6.0,1.0,6.0,6.0
2966,2966,2966,2966,,5,372,8.0,0.0,8.0,0.0,8.0,0.0,8.0,0.0,8.0,0.0,8.0,0.0,8.0,8.0
2967,2967,2967,2967,,81,60,7.0,1.0,7.0,1.0,7.0,2.0,7.0,2.0,7.0,1.0,7.0,3.0,7.0,7.0
2968,2968,2968,2968,,0,380,6.0,0.0,6.0,0.0,6.0,0.0,6.0,0.0,6.0,0.0,6.0,0.0,6.0,6.0
2969,2969,2969,2969,,1,381,7.0,0.0,7.0,0.0,7.0,0.0,7.0,0.0,7.0,0.0,7.0,0.0,7.0,8.0
2970,2970,2970,2970,,0,382,9.0,0.0,9.0,0.0,9.0,0.0,9.0,0.0,9.0,0.0,9.0,0.0,9.0,9.0
2971,2971,2971,2971,,0,383,5.0,0.0,5.0,0.0,5.0,0.0,5.0,0.0,5.0,0.0,5.0,0.0,5.0,5.0
2972,2972,2972,2972,,0,384,5.0,0.0,5.0,0.0,5.0,0.0,5.0,0.0,5.0,0.0,5.0,0.0,5.0,5.0
2973,2973,2973,2973,,0,385,6.0,0.0,6.0,0.0,6.0,0.0,6.0,0.0,6.0,0.0,6.0,0.0,6.0,7.0
2974,2974,2974,2974,,0,386,7.0,0.0,7.0,0.0,7.0,0.0,7.0,0.0,7.0,0.0,7.0,0.0,7.0,7.0
2975,2975,2975,2975,,69,35,8.0,1.0,8.0,1.0,8.0,1.0,8.0,2.0,8.0,1.0,8.0,1.0,8.0,8.0
2976,2976,2976,2976,,5,375,5.0,0.0,5.0,0.0,5.0,0.0,5.0,0.0,5.0,0.0,5.0,0.0,5.0,6.0
2977,2977,2977,2977,,7,388,6.0,0.0,6.0,0.0,6.0,1.0,6.0,1.0,6.0,0.0,6.0,1.0,6.0,6.0
2978,2978,2978,2978,,26,387,7.0,1.0,7.0,0.0,7.0,1.0,7.0,1.0,7.0,1.0,7.0,1.0,7.0,7.0
2979,2979,2979,2979,,11,389,6.0,1.0,6.0,1.0,6.0,1.0,6.0,1.0,6.0,0.0,6.0,1.0,6.0,6.0
2980,2980,2980,2980,,8,388,6.0,0.0,6.0,0.0,6.0,0.0,6.0,0.0,6.0,0.0,6.0,0.0,6.0,7.0
2981,2981,2981,2981,,8,60,6.0,1.0,6.0,0.0,6.0,1.0,6.0,1.0,6.0,0.0,6.0,1.0,6.0,6.0
2982,2982,2982,2982,,22,388,6.0,0.0,6.0,1.0,6.0,2.0,6.0,1.0,6.0,0.0,6.0,1.0,6.0,6.0
2983,2983,2983,2983,,8,389,6.0,0.0,6.0,1.0,6.0,1.0,6.0,1.0,6.0,0.0,6.0,1.0,6.0,6.0
2984,2984,2984,2984,,19,217,6.0,1.0,6.0,2.0,6.0,2.0,6.0,2.0,6.0,0.0,6.0,2.0,6.0,6.0
2985,2985,2985,2985,,16,387,7.0,0.0,7.0,0.0,7.0,1.0,7.0,1.0,7.0,0.0,7.0,1.0,7.0,7.0
2986,2986,2986,2986,,11,799,7.0,0.0,7.0,0.0,7.0,0.0,7.0,1.0,7.0,0.0,7.0,0.0,7.0,8.0
2987,2987,2987,2987,,25,42,6.0,1.0,6.0,1.0,6.0,1.0,6.0,2.0,6.0,0.0,6.0,1.0,6.0,7.0
2988,2988,2988,2988,,52,42,6.0,1.0,6.0,5.0,6.0,1.0,6.0,2.0,6.0,1.0,6.0,1.0,6.0,6.0
2989,2989,2989,2989,,30,218,7.0,1.0,7.0,1.0,7.0,1.0,7.0,2.0,7.0,1.0,7.0,1.0,7.0,7.0
2990,2990,2990,2990,,19,387,6.0,0.0,6.0,0.0,6.0,0.0,6.0,0.0,6.0,0.0,6.0,0.0,6.0,6.0
2991,2991,2991,2991,,3,67,7.0,0.0,7.0,0.0,7.0,0.0,7.0,0.0,7.0,0.0,7.0,0.0,7.0,7.0
2992,2992,2992,2992,,0,390,7.0,0.0,7.0,0.0,7.0,0.0,7.0,0.0,7.0,0.0,7.0,0.0,7.0,7.0
2993,2993,2993,2993,,2,391,7.0,0.0,7.0,0.0,7.0,0.0,7.0,0.0,7.0,0.0,7.0,0.0,7.0,7.0
2994,2994,2994,2994,,0,392,7.0,0.0,7.0,0.0,7.0,0.0,7.0,0.0,7.0,0.0,7.0,0.0,7.0,7.0
2995,2995,2995,2995,,17,799,6.0,1.0,6.0,0.0,6.0,1.0,6.0,2.0,6.0,0.0,6.0,1.0,6.0,7.0
2996,2996,2996,2996,,48,60,6.0,1.0,6.0,1.0,6.0,1.0,6.0,2.0,6.0,1.0,6.0,2.0,6.0,7.0
2997,2997,2997,2997,,13,217,6.0,1.0,6.0,1.0,6.0,1.0,6.0,2.0,6.0,1.0,6.0,2.0,6.0,6.0
2998,2998,2998,2998,,9,217,6.0,0.0,6.0,1.0,6.0,1.0,6.0,1.0,6.0,0.0,6.0,1.0,6.0,6.0
2999,2999,2999,2999,,42,218,6.0,1.0,6.0,1.0,6.0,1.0,6.0,2.0,6.0,1.0,6.0,1.0,6.0,6.0
3000,3000,3000,3000,,31,388,6.0,1.0,6.0,1.0,6.0,1.0,6.0,1.0,6.0,1.0,6.0,1.0,6.0,6.0
3001,3001,3001,3001,,1,218,6.0,0.0,6.0,0.0,6.0,0.0,6.0,0.0,6.0,0.0,6.0,0.0,6.0,7.0
3002,3002,3002,3002,,2,799,5.0,0.0,5.0,2.0,5.0,0.0,5.0,0.0,5.0,0.0,5.0,0.0,5.0,6.0
3003,3003,3003,3003,,42,218,6.0,1.0,6.0,2.0,6.0,1.0,6.0,2.0,6.0,1.0,6.0,1.0,6.0,7.0
3004,3004,3004,3004,,41,35,7.0,1.0,7.0,1.0,7.0,1.0,7.0,2.0,7.0,1.0,7.0,1.0,7.0,7.0
3005,3005,3005,3005,,28,16,6.0,2.0,6.0,1.0,6.0,1.0,6.0,2.0,6.0,1.0,6.0,1.0,6.0,6.0
3006,3006,3006,3006,,71,60,6.0,1.0,6.0,1.0,6.0,1.0,6.0,2.0,6.0,1.0,6.0,2.0,6.0,6.0
3007,3007,3007,3007,,31,272,6.0,1.0,6.0,1.0,6.0,1.0,6.0,1.0,6.0,1.0,6.0,1.0,6.0,7.0
3008,3008,3008,3008,,2,393,6.0,0.0,6.0,0.0,6.0,0.0,6.0,0.0,6.0,0.0,6.0,0.0,6.0,7.0
3009,3009,3009,3009,,43,270,5.0,1.0,5.0,1.0,5.0,1.0,5.0,2.0,5.0,1.0,5.0,1.0,5.0,5.0
3010,3010,3010,3010,,3,389,5.0,0.0,5.0,0.0,5.0,0.0,5.0,0.0,5.0,0.0,5.0,0.0,5.0,6.0
3011,3011,3011,3011,,1,166,6.0,0.0,6.0,0.0,6.0,0.0,6.0,0.0,6.0,0.0,6.0,0.0,6.0,6.0
3012,3012,3012,3012,,18,387,7.0,0.0,7.0,0.0,7.0,0.0,7.0,0.0,7.0,0.0,7.0,0.0,7.0,7.0
3013,3013,3013,3013,,0,394,6.0,0.0,6.0,0.0,6.0,0.0,6.0,0.0,6.0,0.0,6.0,0.0,6.0,7.0
3014,3014,3014,3014,,33,272,7.0,1.0,7.0,1.0,7.0,1.0,7.0,1.0,7.0,0.0,7.0,1.0,7.0,7.0
3015,3015,3015,3015,,11,388,5.0,0.0,5.0,0.0,5.0,0.0,5.0,1.0,5.0,0.0,5.0,0.0,5.0,6.0
3016,3016,3016,3016,,1,529,6.0,0.0,6.0,0.0,6.0,0.0,6.0,0.0,6.0,0.0,6.0,0.0,6.0,6.0
3017,3017,3017,3017,,0,395,5.0,0.0,5.0,0.0,5.0,0.0,5.0,0.0,5.0,0.0,5.0,0.0,5.0,5.0
3018,3018,3018,3018,,0,396,6.0,0.0,6.0,0.0,6.0,0.0,6.0,0.0,6.0,0.0,6.0,0.0,6.0,6.0
3019,3019,3019,3019,,5,35,6.0,0.0,6.0,0.0,6.0,0.0,6.0,0.0,6.0,0.0,6.0,0.0,6.0,7.0
3020,3020,3020,3020,,10,668,5.0,0.0,5.0,0.0,5.0,0.0,5.0,0.0,5.0,0.0,5.0,0.0,5.0,6.0
3021,3021,3021,3021,,1,801,5.0,0.0,5.0,0.0,5.0,0.0,5.0,0.0,5.0,0.0,5.0,0.0,5.0,6.0
3022,3022,3022,3022,,4,397,6.0,0.0,6.0,0.0,6.0,0.0,6.0,0.0,6.0,0.0,6.0,0.0,6.0,6.0
3023,3023,3023,3023,,25,218,8.0,1.0,8.0,1.0,8.0,1.0,8.0,2.0,8.0,0.0,8.0,1.0,8.0,8.0
3024,3024,3024,3024,,47,217,5.0,1.0,5.0,1.0,5.0,2.0,5.0,3.0,5.0,1.0,5.0,1.0,5.0,5.0
3025,3025,3025,3025,,2,391,6.0,0.0,6.0,0.0,6.0,0.0,6.0,0.0,6.0,0.0,6.0,0.0,6.0,7.0
3026,3026,3026,3026,,1,60,6.0,0.0,6.0,0.0,6.0,0.0,6.0,0.0,6.0,0.0,6.0,0.0,6.0,7.0
3027,3027,3027,3027,,0,398,6.0,0.0,6.0,0.0,6.0,0.0,6.0,0.0,6.0,0.0,6.0,0.0,6.0,6.0
3028,3028,3028,3028,,16,668,6.0,0.0,6.0,0.0,6.0,0.0,6.0,0.0,6.0,0.0,6.0,0.0,6.0,7.0
3029,3029,3029,3029,,8,270,6.0,0.0,6.0,0.0,6.0,1.0,6.0,1.0,6.0,1.0,6.0,0.0,6.0,7.0
3030,3030,3030,3030,,5,60,7.0,1.0,7.0,0.0,7.0,1.0,7.0,3.0,7.0,0.0,7.0,1.0,7.0,8.0
3031,3031,3031,3031,,16,142,6.0,2.0,6.0,1.0,6.0,1.0,6.0,2.0,6.0,1.0,6.0,1.0,6.0,6.0
3032,3032,3032,3032,,6,388,7.0,0.0,7.0,0.0,7.0,0.0,7.0,0.0,7.0,0.0,7.0,1.0,7.0,7.0
3033,3033,3033,3033,,1,345,6.0,0.0,6.0,0.0,6.0,0.0,6.0,1.0,6.0,0.0,6.0,0.0,6.0,7.0
3034,3034,3034,3034,,13,142,7.0,0.0,7.0,0.0,7.0,0.0,7.0,1.0,7.0,0.0,7.0,1.0,7.0,7.0
3035,3035,3035,3035,,3,345,6.0,0.0,6.0,0.0,6.0,0.0,6.0,1.0,6.0,0.0,6.0,0.0,6.0,7.0
3036,3036,3036,3036,,2,42,8.0,0.0,8.0,0.0,8.0,0.0,8.0,0.0,8.0,0.0,8.0,0.0,8.0,8.0
3037,3037,3037,3037,,0,399,5.0,0.0,5.0,0.0,5.0,0.0,5.0,0.0,5.0,0.0,5.0,0.0,5.0,6.0
3038,3038,3038,3038,,0,400,6.0,0.0,6.0,0.0,6.0,0.0,6.0,0.0,6.0,0.0,6.0,0.0,6.0,6.0
3039,3039,3039,3039,,0,401,7.0,0.0,7.0,0.0,7.0,0.0,7.0,0.0,7.0,0.0,7.0,0.0,7.0,7.0
3040,3040,3040,3040,,39,218,6.0,1.0,6.0,1.0,6.0,1.0,6.0,2.0,6.0,0.0,6.0,1.0,6.0,7.0
3041,3041,3041,3041,,0,402,8.0,0.0,8.0,0.0,8.0,0.0,8.0,0.0,8.0,0.0,8.0,0.0,8.0,8.0
3042,3042,3042,3042,,6,388,7.0,0.0,7.0,0.0,7.0,0.0,7.0,0.0,7.0,0.0,7.0,0.0,7.0,7.0
3043,3043,3043,3043,,0,403,6.0,0.0,6.0,0.0,6.0,0.0,6.0,0.0,6.0,0.0,6.0,0.0,6.0,7.0
3044,3044,3044,3044,,8,35,6.0,1.0,6.0,0.0,6.0,1.0,6.0,1.0,6.0,1.0,6.0,1.0,6.0,6.0
3045,3045,3045,3045,,20,166,7.0,1.0,7.0,1.0,7.0,1.0,7.0,1.0,7.0,1.0,7.0,1.0,7.0,7.0
3046,3046,3046,3046,,23,218,6.0,1.0,6.0,1.0,6.0,1.0,6.0,2.0,6.0,0.0,6.0,1.0,6.0,7.0
3047,3047,3047,3047,,71,35,7.0,1.0,7.0,1.0,7.0,1.0,7.0,2.0,7.0,1.0,7.0,1.0,7.0,7.0
3048,3048,3048,3048,,26,142,6.0,1.0,6.0,1.0,6.0,1.0,6.0,2.0,6.0,1.0,6.0,1.0,6.0,6.0
3049,3049,3049,3049,,9,218,5.0,0.0,5.0,1.0,5.0,1.0,5.0,1.0,5.0,0.0,5.0,1.0,5.0,6.0
3050,3050,3050,3050,,15,799,6.0,0.0,6.0,0.0,6.0,1.0,6.0,1.0,6.0,0.0,6.0,1.0,6.0,7.0
3051,3051,3051,3051,,1,854,5.0,0.0,5.0,0.0,5.0,0.0,5.0,0.0,5.0,0.0,5.0,0.0,5.0,7.0
3052,3052,3052,3052,,25,49,7.0,1.0,7.0,0.0,7.0,1.0,7.0,1.0,7.0,0.0,7.0,1.0,7.0,7.0
3053,3053,3053,3053,,103,345,4.0,1.0,4.0,1.0,4.0,2.0,4.0,3.0,4.0,1.0,4.0,2.0,4.0,5.0
3054,3054,3054,3054,,0,404,5.0,0.0,5.0,0.0,5.0,0.0,5.0,0.0,5.0,0.0,5.0,0.0,5.0,6.0
3055,3055,3055,3055,,0,405,6.0,0.0,6.0,0.0,6.0,0.0,6.0,0.0,6.0,0.0,6.0,0.0,6.0,7.0
3056,3056,3056,3056,,2,227,6.0,0.0,6.0,0.0,6.0,0.0,6.0,0.0,6.0,0.0,6.0,0.0,6.0,6.0
3057,3057,3057,3057,,14,375,8.0,1.0,8.0,1.0,8.0,1.0,8.0,2.0,8.0,0.0,8.0,1.0,8.0,8.0
3058,3058,3058,3058,,0,406,6.0,0.0,6.0,0.0,6.0,0.0,6.0,0.0,6.0,0.0,6.0,0.0,6.0,6.0
3059,3059,3059,3059,,0,407,6.0,0.0,6.0,0.0,6.0,0.0,6.0,0.0,6.0,0.0,6.0,0.0,6.0,6.0
3060,3060,3060,3060,,0,408,7.0,0.0,7.0,0.0,7.0,0.0,7.0,0.0,7.0,0.0,7.0,0.0,7.0,7.0
3061,3061,3061,3061,,7,34,8.0,0.0,8.0,0.0,8.0,0.0,8.0,0.0,8.0,0.0,8.0,0.0,8.0,8.0
3062,3062,3062,3062,,0,409,6.0,0.0,6.0,0.0,6.0,0.0,6.0,0.0,6.0,0.0,6.0,0.0,6.0,7.0
3063,3063,3063,3063,,0,410,6.0,0.0,6.0,0.0,6.0,0.0,6.0,0.0,6.0,0.0,6.0,0.0,6.0,7.0
3064,3064,3064,3064,,1,389,6.0,0.0,6.0,0.0,6.0,0.0,6.0,0.0,6.0,0.0,6.0,0.0,6.0,6.0
3065,3065,3065,3065,,46,60,4.0,1.0,4.0,1.0,4.0,2.0,4.0,2.0,4.0,1.0,4.0,3.0,4.0,4.0
3066,3066,3066,3066,,0,411,7.0,0.0,7.0,0.0,7.0,0.0,7.0,0.0,7.0,0.0,7.0,0.0,7.0,7.0
3067,3067,3067,3067,,1,652,4.0,0.0,4.0,0.0,4.0,0.0,4.0,0.0,4.0,0.0,4.0,0.0,4.0,5.0
3068,3068,3068,3068,,21,272,7.0,2.0,7.0,1.0,7.0,1.0,7.0,1.0,7.0,1.0,7.0,1.0,7.0,8.0
3069,3069,3069,3069,,0,412,7.0,0.0,7.0,0.0,7.0,0.0,7.0,0.0,7.0,0.0,7.0,0.0,7.0,7.0
3070,3070,3070,3070,,23,218,6.0,1.0,6.0,1.0,6.0,1.0,6.0,1.0,6.0,0.0,6.0,1.0,6.0,6.0
3071,3071,3071,3071,,0,413,7.0,0.0,7.0,0.0,7.0,0.0,7.0,0.0,7.0,0.0,7.0,0.0,7.0,7.0
3072,3072,3072,3072,,0,414,5.0,0.0,5.0,0.0,5.0,0.0,5.0,0.0,5.0,0.0,5.0,0.0,5.0,6.0
3073,3073,3073,3073,,31,389,6.0,1.0,6.0,1.0,6.0,1.0,6.0,2.0,6.0,0.0,6.0,1.0,6.0,7.0
3074,3074,3074,3074,,29,49,7.0,1.0,7.0,1.0,7.0,1.0,7.0,1.0,7.0,1.0,7.0,1.0,7.0,8.0
3075,3075,3075,3075,,38,389,7.0,1.0,7.0,1.0,7.0,1.0,7.0,2.0,7.0,0.0,7.0,1.0,7.0,7.0
3076,3076,3076,3076,,2,375,6.0,0.0,6.0,0.0,6.0,0.0,6.0,0.0,6.0,0.0,6.0,0.0,6.0,7.0
3077,3077,3077,3077,,22,42,7.0,1.0,7.0,1.0,7.0,1.0,7.0,2.0,7.0,0.0,7.0,1.0,7.0,8.0
3078,3078,3078,3078,,0,415,7.0,0.0,7.0,0.0,7.0,0.0,7.0,0.0,7.0,0.0,7.0,0.0,7.0,7.0
3079,3079,3079,3079,,0,416,4.0,0.0,4.0,0.0,4.0,0.0,4.0,0.0,4.0,0.0,4.0,0.0,4.0,5.0
3080,3080,3080,3080,,15,668,6.0,0.0,6.0,0.0,6.0,0.0,6.0,0.0,6.0,0.0,6.0,0.0,6.0,7.0
3081,3081,3081,3081,,5,142,5.0,1.0,5.0,1.0,5.0,1.0,5.0,1.0,5.0,0.0,5.0,1.0,5.0,6.0
3082,3082,3082,3082,,2,272,6.0,0.0,6.0,0.0,6.0,0.0,6.0,0.0,6.0,0.0,6.0,0.0,6.0,7.0
3083,3083,3083,3083,,2,60,6.0,0.0,6.0,0.0,6.0,0.0,6.0,0.0,6.0,0.0,6.0,0.0,6.0,6.0
3084,3084,3084,3084,,30,49,7.0,1.0,7.0,1.0,7.0,1.0,7.0,1.0,7.0,0.0,7.0,1.0,7.0,7.0
3085,3085,3085,3085,,43,35,6.0,1.0,6.0,1.0,6.0,1.0,6.0,2.0,6.0,1.0,6.0,1.0,6.0,7.0
3086,3086,3086,3086,,0,417,5.0,0.0,5.0,0.0,5.0,0.0,5.0,0.0,5.0,0.0,5.0,0.0,5.0,7.0
3087,3087,3087,3087,,1,418,7.0,0.0,7.0,0.0,7.0,0.0,7.0,0.0,7.0,0.0,7.0,0.0,7.0,8.0
3088,3088,3088,3088,,0,419,6.0,0.0,6.0,0.0,6.0,0.0,6.0,0.0,6.0,0.0,6.0,0.0,6.0,7.0
3089,3089,3089,3089,,0,420,6.0,0.0,6.0,0.0,6.0,0.0,6.0,0.0,6.0,0.0,6.0,0.0,6.0,6.0
3090,3090,3090,3090,,1,421,6.0,0.0,6.0,0.0,6.0,0.0,6.0,0.0,6.0,0.0,6.0,0.0,6.0,6.0
3091,3091,3091,3091,,10,217,7.0,1.0,7.0,0.0,7.0,1.0,7.0,2.0,7.0,0.0,7.0,1.0,7.0,7.0
3092,3092,3092,3092,,0,422,6.0,0.0,6.0,0.0,6.0,0.0,6.0,0.0,6.0,0.0,6.0,0.0,6.0,6.0
3093,3093,3093,3093,,4,218,7.0,0.0,7.0,0.0,7.0,0.0,7.0,0.0,7.0,0.0,7.0,0.0,7.0,7.0
3094,3094,3094,3094,,7,389,5.0,0.0,5.0,0.0,5.0,0.0,5.0,0.0,5.0,0.0,5.0,0.0,5.0,5.0
3095,3095,3095,3095,,4,49,6.0,0.0,6.0,0.0,6.0,0.0,6.0,0.0,6.0,0.0,6.0,0.0,6.0,6.0
3096,3096,3096,3096,,1,423,6.0,0.0,6.0,0.0,6.0,0.0,6.0,0.0,6.0,0.0,6.0,0.0,6.0,7.0
3097,3097,3097,3097,,8,92,5.0,1.0,5.0,1.0,5.0,1.0,5.0,1.0,5.0,0.0,5.0,1.0,5.0,5.0
3098,3098,3098,3098,,0,424,6.0,0.0,6.0,0.0,6.0,0.0,6.0,0.0,6.0,0.0,6.0,0.0,6.0,7.0
3099,3099,3099,3099,,2,345,7.0,0.0,7.0,0.0,7.0,0.0,7.0,0.0,7.0,0.0,7.0,0.0,7.0,7.0
3100,3100,3100,3100,,1,922,6.0,0.0,6.0,0.0,6.0,0.0,6.0,0.0,6.0,0.0,6.0,0.0,6.0,6.0
3101,3101,3101,3101,,1,579,6.0,0.0,6.0,0.0,6.0,0.0,6.0,0.0,6.0,0.0,6.0,0.0,6.0,6.0
3102,3102,3102,3102,,0,425,7.0,0.0,7.0,0.0,7.0,0.0,7.0,0.0,7.0,0.0,7.0,0.0,7.0,7.0
3103,3103,3103,3103,,0,426,5.0,0.0,5.0,0.0,5.0,0.0,5.0,0.0,5.0,0.0,5.0,0.0,5.0,5.0
3104,3104,3104,3104,,7,49,6.0,0.0,6.0,0.0,6.0,1.0,6.0,1.0,6.0,0.0,6.0,1.0,6.0,6.0
3105,3105,3105,3105,,0,427,6.0,0.0,6.0,0.0,6.0,0.0,6.0,0.0,6.0,0.0,6.0,0.0,6.0,7.0
3106,3106,3106,3106,,1,389,6.0,0.0,6.0,0.0,6.0,0.0,6.0,0.0,6.0,0.0,6.0,0.0,6.0,7.0
3107,3107,3107,3107,,0,428,7.0,0.0,7.0,0.0,7.0,0.0,7.0,0.0,7.0,0.0,7.0,0.0,7.0,7.0
3108,3108,3108,3108,,6,375,6.0,0.0,6.0,0.0,6.0,0.0,6.0,0.0,6.0,0.0,6.0,0.0,6.0,7.0
3109,3109,3109,3109,,1,16,6.0,0.0,6.0,0.0,6.0,0.0,6.0,1.0,6.0,0.0,6.0,0.0,6.0,6.0
3110,3110,3110,3110,,0,429,6.0,0.0,6.0,0.0,6.0,0.0,6.0,0.0,6.0,0.0,6.0,0.0,6.0,7.0
3111,3111,3111,3111,,0,430,4.0,0.0,4.0,0.0,4.0,0.0,4.0,0.0,4.0,0.0,4.0,0.0,4.0,5.0
3112,3112,3112,3112,,1,431,6.0,0.0,6.0,0.0,6.0,0.0,6.0,0.0,6.0,0.0,6.0,0.0,6.0,6.0
3113,3113,3113,3113,,0,432,6.0,0.0,6.0,0.0,6.0,0.0,6.0,0.0,6.0,0.0,6.0,0.0,6.0,6.0
3114,3114,3114,3114,,0,433,6.0,0.0,6.0,0.0,6.0,0.0,6.0,0.0,6.0,0.0,6.0,0.0,6.0,6.0
3115,3115,3115,3115,,0,434,3.0,0.0,3.0,0.0,3.0,0.0,3.0,0.0,3.0,0.0,3.0,0.0,3.0,4.0
3116,3116,3116,3116,,0,435,5.0,0.0,5.0,0.0,5.0,0.0,5.0,0.0,5.0,0.0,5.0,0.0,5.0,5.0
3117,3117,3117,3117,,0,436,5.0,0.0,5.0,0.0,5.0,0.0,5.0,0.0,5.0,0.0,5.0,0.0,5.0,6.0
3118,3118,3118,3118,,0,437,5.0,0.0,5.0,0.0,5.0,0.0,5.0,0.0,5.0,0.0,5.0,0.0,5.0,5.0
3119,3119,3119,3119,,1,438,6.0,0.0,6.0,0.0,6.0,0.0,6.0,0.0,6.0,0.0,6.0,0.0,6.0,6.0
3120,3120,3120,3120,,2,49,5.0,0.0,5.0,0.0,5.0,0.0,5.0,0.0,5.0,0.0,5.0,0.0,5.0,6.0
3121,3121,3121,3121,,0,439,7.0,0.0,7.0,0.0,7.0,0.0,7.0,0.0,7.0,0.0,7.0,0.0,7.0,7.0
3122,3122,3122,3122,,0,440,4.0,0.0,4.0,0.0,4.0,0.0,4.0,0.0,4.0,0.0,4.0,0.0,4.0,4.0
3123,3123,3123,3123,,5,218,6.0,1.0,6.0,1.0,6.0,0.0,6.0,0.0,6.0,0.0,6.0,0.0,6.0,6.0
3124,3124,3124,3124,,0,441,5.0,0.0,5.0,0.0,5.0,0.0,5.0,0.0,5.0,0.0,5.0,0.0,5.0,5.0
3125,3125,3125,3125,,0,442,6.0,0.0,6.0,0.0,6.0,0.0,6.0,0.0,6.0,0.0,6.0,0.0,6.0,7.0
3126,3126,3126,3126,,1,217,6.0,0.0,6.0,0.0,6.0,0.0,6.0,0.0,6.0,0.0,6.0,0.0,6.0,6.0
3127,3127,3127,3127,,0,443,4.0,0.0,4.0,0.0,4.0,0.0,4.0,0.0,4.0,0.0,4.0,0.0,4.0,4.0
3128,3128,3128,3128,,0,444,6.0,0.0,6.0,0.0,6.0,0.0,6.0,0.0,6.0,0.0,6.0,0.0,6.0,7.0
3129,3129,3129,3129,,0,445,7.0,0.0,7.0,0.0,7.0,0.0,7.0,0.0,7.0,0.0,7.0,0.0,7.0,7.0
3130,3130,3130,3130,,4,272,6.0,0.0,6.0,0.0,6.0,0.0,6.0,0.0,6.0,0.0,6.0,0.0,6.0,7.0
3131,3131,3131,3131,,0,446,7.0,0.0,7.0,0.0,7.0,0.0,7.0,0.0,7.0,0.0,7.0,0.0,7.0,7.0
3132,3132,3132,3132,,3,35,4.0,0.0,4.0,0.0,4.0,0.0,4.0,0.0,4.0,0.0,4.0,0.0,4.0,5.0
3133,3133,3133,3133,,0,447,4.0,0.0,4.0,0.0,4.0,0.0,4.0,0.0,4.0,0.0,4.0,0.0,4.0,6.0
3134,3134,3134,3134,,1,372,6.0,0.0,6.0,0.0,6.0,0.0,6.0,0.0,6.0,0.0,6.0,0.0,6.0,7.0
3135,3135,3135,3135,,0,448,5.0,0.0,5.0,0.0,5.0,0.0,5.0,0.0,5.0,0.0,5.0,0.0,5.0,5.0
3136,3136,3136,3136,,1,449,7.0,0.0,7.0,0.0,7.0,0.0,7.0,0.0,7.0,0.0,7.0,0.0,7.0,8.0
3137,3137,3137,3137,,4,217,5.0,0.0,5.0,1.0,5.0,1.0,5.0,2.0,5.0,0.0,5.0,1.0,5.0,5.0
3138,3138,3138,3138,,2,375,7.0,0.0,7.0,0.0,7.0,0.0,7.0,0.0,7.0,0.0,7.0,0.0,7.0,7.0
3139,3139,3139,3139,,7,92,6.0,1.0,6.0,1.0,6.0,1.0,6.0,2.0,6.0,0.0,6.0,1.0,6.0,7.0
3140,3140,3140,3140,,0,450,6.0,0.0,6.0,0.0,6.0,0.0,6.0,0.0,6.0,0.0,6.0,0.0,6.0,6.0
3141,3141,3141,3141,,5,42,6.0,0.0,6.0,0.0,6.0,0.0,6.0,1.0,6.0,0.0,6.0,0.0,6.0,7.0
3142,3142,3142,3142,,0,451,4.0,0.0,4.0,0.0,4.0,0.0,4.0,0.0,4.0,0.0,4.0,0.0,4.0,6.0
3143,3143,3143,3143,,25,387,7.0,0.0,7.0,0.0,7.0,0.0,7.0,0.0,7.0,0.0,7.0,0.0,7.0,7.0
3144,3144,3144,3144,,1,711,6.0,0.0,6.0,0.0,6.0,0.0,6.0,0.0,6.0,0.0,6.0,0.0,6.0,6.0
3145,3145,3145,3145,,4,217,8.0,0.0,8.0,0.0,8.0,0.0,8.0,1.0,8.0,0.0,8.0,1.0,8.0,8.0
3146,3146,3146,3146,,1,460,5.0,0.0,5.0,0.0,5.0,0.0,5.0,0.0,5.0,0.0,5.0,0.0,5.0,5.0
3147,3147,3147,3147,,0,452,5.0,0.0,5.0,0.0,5.0,0.0,5.0,0.0,5.0,0.0,5.0,0.0,5.0,5.0
3148,3148,3148,3148,,1,758,7.0,0.0,7.0,0.0,7.0,0.0,7.0,0.0,7.0,0.0,7.0,0.0,7.0,8.0
3149,3149,3149,3149,,3,375,7.0,0.0,7.0,0.0,7.0,0.0,7.0,0.0,7.0,0.0,7.0,0.0,7.0,7.0
3150,3150,3150,3150,,15,387,6.0,0.0,6.0,0.0,6.0,0.0,6.0,1.0,6.0,0.0,6.0,0.0,6.0,6.0
3151,3151,3151,3151,,1,453,6.0,0.0,6.0,0.0,6.0,0.0,6.0,0.0,6.0,0.0,6.0,0.0,6.0,7.0
3152,3152,3152,3152,,0,454,7.0,0.0,7.0,0.0,7.0,0.0,7.0,0.0,7.0,0.0,7.0,0.0,7.0,7.0
3153,3153,3153,3153,,1,455,5.0,0.0,5.0,0.0,5.0,0.0,5.0,0.0,5.0,0.0,5.0,0.0,5.0,7.0
3154,3154,3154,3154,,0,456,6.0,0.0,6.0,0.0,6.0,0.0,6.0,0.0,6.0,0.0,6.0,0.0,6.0,6.0
3155,3155,3155,3155,,3,457,7.0,0.0,7.0,0.0,7.0,0.0,7.0,0.0,7.0,0.0,7.0,0.0,7.0,7.0
3156,3156,3156,3156,,15,16,7.0,2.0,7.0,1.0,7.0,1.0,7.0,3.0,7.0,1.0,7.0,1.0,7.0,7.0
3157,3157,3157,3157,,5,49,7.0,0.0,7.0,0.0,7.0,0.0,7.0,0.0,7.0,0.0,7.0,0.0,7.0,7.0
3158,3158,3158,3158,,62,272,8.0,1.0,8.0,1.0,8.0,1.0,8.0,2.0,8.0,1.0,8.0,1.0,8.0,8.0
3159,3159,3159,3159,,2,42,7.0,0.0,7.0,3.0,7.0,0.0,7.0,0.0,7.0,0.0,7.0,0.0,7.0,7.0
3160,3160,3160,3160,,0,458,6.0,0.0,6.0,0.0,6.0,0.0,6.0,0.0,6.0,0.0,6.0,0.0,6.0,7.0
3161,3161,3161,3161,,5,42,7.0,0.0,7.0,2.0,7.0,0.0,7.0,0.0,7.0,0.0,7.0,0.0,7.0,7.0
3162,3162,3162,3162,,25,387,7.0,0.0,7.0,0.0,7.0,0.0,7.0,0.0,7.0,0.0,7.0,0.0,7.0,7.0
3163,3163,3163,3163,,1,16,6.0,0.0,6.0,0.0,6.0,0.0,6.0,0.0,6.0,0.0,6.0,0.0,6.0,6.0
3164,3164,3164,3164,,0,459,7.0,0.0,7.0,0.0,7.0,0.0,7.0,0.0,7.0,0.0,7.0,0.0,7.0,7.0
3165,3165,3165,3165,,1,728,7.0,0.0,7.0,0.0,7.0,0.0,7.0,0.0,7.0,0.0,7.0,0.0,7.0,7.0
3166,3166,3166,3166,,4,397,7.0,0.0,7.0,0.0,7.0,0.0,7.0,0.0,7.0,0.0,7.0,0.0,7.0,7.0
3167,3167,3167,3167,,2,460,6.0,0.0,6.0,0.0,6.0,0.0,6.0,0.0,6.0,0.0,6.0,0.0,6.0,7.0
3168,3168,3168,3168,,5,883,7.0,0.0,7.0,0.0,7.0,0.0,7.0,0.0,7.0,0.0,7.0,0.0,7.0,7.0
3169,3169,3169,3169,,8,388,7.0,0.0,7.0,0.0,7.0,0.0,7.0,0.0,7.0,0.0,7.0,0.0,7.0,7.0
3170,3170,3170,3170,,0,461,5.0,0.0,5.0,0.0,5.0,0.0,5.0,0.0,5.0,0.0,5.0,0.0,5.0,5.0
3171,3171,3171,3171,,22,375,7.0,1.0,7.0,2.0,7.0,1.0,7.0,1.0,7.0,1.0,7.0,1.0,7.0,7.0
3172,3172,3172,3172,,4,272,7.0,0.0,7.0,0.0,7.0,0.0,7.0,0.0,7.0,0.0,7.0,0.0,7.0,7.0
3173,3173,3173,3173,,22,218,7.0,1.0,7.0,1.0,7.0,1.0,7.0,2.0,7.0,0.0,7.0,1.0,7.0,7.0
3174,3174,3174,3174,,20,387,7.0,0.0,7.0,0.0,7.0,0.0,7.0,1.0,7.0,0.0,7.0,0.0,7.0,7.0
3175,3175,3175,3175,,7,218,5.0,0.0,5.0,0.0,5.0,1.0,5.0,1.0,5.0,0.0,5.0,1.0,5.0,5.0
3176,3176,3176,3176,,4,389,6.0,0.0,6.0,0.0,6.0,0.0,6.0,1.0,6.0,0.0,6.0,0.0,6.0,6.0
3177,3177,3177,3177,,19,375,7.0,1.0,7.0,1.0,7.0,2.0,7.0,3.0,7.0,1.0,7.0,3.0,7.0,7.0
3178,3178,3178,3178,,10,345,7.0,0.0,7.0,0.0,7.0,0.0,7.0,1.0,7.0,0.0,7.0,0.0,7.0,7.0
3179,3179,3179,3179,,0,462,6.0,0.0,6.0,0.0,6.0,0.0,6.0,0.0,6.0,0.0,6.0,0.0,6.0,7.0
3180,3180,3180,3180,,2,92,6.0,0.0,6.0,0.0,6.0,0.0,6.0,0.0,6.0,0.0,6.0,0.0,6.0,7.0
3181,3181,3181,3181,,2,375,7.0,0.0,7.0,0.0,7.0,0.0,7.0,0.0,7.0,0.0,7.0,0.0,7.0,7.0
3182,3182,3182,3182,,0,463,6.0,0.0,6.0,0.0,6.0,0.0,6.0,0.0,6.0,0.0,6.0,0.0,6.0,6.0
3183,3183,3183,3183,,2,464,7.0,0.0,7.0,0.0,7.0,0.0,7.0,0.0,7.0,0.0,7.0,0.0,7.0,7.0
3184,3184,3184,3184,,4,360,6.0,0.0,6.0,1.0,6.0,1.0,6.0,1.0,6.0,1.0,6.0,1.0,6.0,7.0
3185,3185,3185,3185,,1,142,6.0,0.0,6.0,0.0,6.0,0.0,6.0,0.0,6.0,0.0,6.0,0.0,6.0,6.0
3186,3186,3186,3186,,0,465,6.0,0.0,6.0,0.0,6.0,0.0,6.0,0.0,6.0,0.0,6.0,0.0,6.0,6.0
3187,3187,3187,3187,,6,92,6.0,1.0,6.0,0.0,6.0,1.0,6.0,1.0,6.0,0.0,6.0,1.0,6.0,6.0
3188,3188,3188,3188,,26,375,7.0,1.0,7.0,1.0,7.0,1.0,7.0,1.0,7.0,1.0,7.0,1.0,7.0,7.0
3189,3189,3189,3189,,0,466,7.0,0.0,7.0,0.0,7.0,0.0,7.0,0.0,7.0,0.0,7.0,0.0,7.0,7.0
3190,3190,3190,3190,,3,218,7.0,0.0,7.0,0.0,7.0,0.0,7.0,1.0,7.0,0.0,7.0,0.0,7.0,7.0
3191,3191,3191,3191,,0,467,5.0,0.0,5.0,0.0,5.0,0.0,5.0,0.0,5.0,0.0,5.0,0.0,5.0,5.0
3192,3192,3192,3192,,11,799,6.0,0.0,6.0,0.0,6.0,1.0,6.0,1.0,6.0,0.0,6.0,0.0,6.0,6.0
3193,3193,3193,3193,,0,468,6.0,0.0,6.0,0.0,6.0,0.0,6.0,0.0,6.0,0.0,6.0,0.0,6.0,6.0
3194,3194,3194,3194,,5,375,7.0,0.0,7.0,0.0,7.0,0.0,7.0,0.0,7.0,0.0,7.0,0.0,7.0,7.0
3195,3195,3195,3195,,0,469,5.0,0.0,5.0,0.0,5.0,0.0,5.0,0.0,5.0,0.0,5.0,0.0,5.0,5.0
3196,3196,3196,3196,,2,470,6.0,0.0,6.0,0.0,6.0,0.0,6.0,0.0,6.0,0.0,6.0,0.0,6.0,6.0
3197,3197,3197,3197,,1,457,7.0,0.0,7.0,0.0,7.0,0.0,7.0,0.0,7.0,0.0,7.0,0.0,7.0,7.0
3198,3198,3198,3198,,0,471,5.0,0.0,5.0,0.0,5.0,0.0,5.0,0.0,5.0,0.0,5.0,0.0,5.0,5.0
3199,3199,3199,3199,,1,375,7.0,0.0,7.0,0.0,7.0,0.0,7.0,0.0,7.0,0.0,7.0,0.0,7.0,7.0
3200,3200,3200,3200,,0,472,6.0,0.0,6.0,0.0,6.0,0.0,6.0,0.0,6.0,0.0,6.0,0.0,6.0,6.0
3201,3201,3201,3201,,1,142,6.0,0.0,6.0,0.0,6.0,0.0,6.0,0.0,6.0,0.0,6.0,0.0,6.0,6.0
3202,3202,3202,3202,,1,473,6.0,0.0,6.0,0.0,6.0,0.0,6.0,0.0,6.0,0.0,6.0,0.0,6.0,7.0
3203,3203,3203,3203,,0,474,5.0,0.0,5.0,0.0,5.0,0.0,5.0,0.0,5.0,0.0,5.0,0.0,5.0,6.0
3204,3204,3204,3204,,1,375,6.0,0.0,6.0,0.0,6.0,0.0,6.0,0.0,6.0,0.0,6.0,0.0,6.0,6.0
3205,3205,3205,3205,,1,16,7.0,0.0,7.0,0.0,7.0,0.0,7.0,0.0,7.0,0.0,7.0,0.0,7.0,7.0
3206,3206,3206,3206,,7,375,8.0,0.0,8.0,0.0,8.0,0.0,8.0,0.0,8.0,0.0,8.0,0.0,8.0,8.0
3207,3207,3207,3207,,0,475,6.0,0.0,6.0,0.0,6.0,0.0,6.0,0.0,6.0,0.0,6.0,0.0,6.0,7.0
3208,3208,3208,3208,,1,476,8.0,0.0,8.0,0.0,8.0,0.0,8.0,0.0,8.0,0.0,8.0,0.0,8.0,8.0
3209,3209,3209,3209,,0,477,6.0,0.0,6.0,0.0,6.0,0.0,6.0,0.0,6.0,0.0,6.0,0.0,6.0,6.0
3210,3210,3210,3210,,25,272,7.0,2.0,7.0,1.0,7.0,1.0,7.0,2.0,7.0,1.0,7.0,1.0,7.0,7.0
3211,3211,3211,3211,,1,478,7.0,0.0,7.0,0.0,7.0,0.0,7.0,0.0,7.0,0.0,7.0,0.0,7.0,7.0
3212,3212,3212,3212,,0,479,7.0,0.0,7.0,0.0,7.0,0.0,7.0,0.0,7.0,0.0,7.0,0.0,7.0,7.0
3213,3213,3213,3213,,15,218,6.0,1.0,6.0,1.0,6.0,1.0,6.0,2.0,6.0,0.0,6.0,1.0,6.0,6.0
3214,3214,3214,3214,,0,480,6.0,0.0,6.0,0.0,6.0,0.0,6.0,0.0,6.0,0.0,6.0,0.0,6.0,6.0
3215,3215,3215,3215,,16,375,6.0,1.0,6.0,1.0,6.0,2.0,6.0,3.0,6.0,0.0,6.0,3.0,6.0,7.0
3216,3216,3216,3216,,13,166,7.0,0.0,7.0,0.0,7.0,1.0,7.0,1.0,7.0,0.0,7.0,0.0,7.0,7.0
3217,3217,3217,3217,,4,218,7.0,0.0,7.0,0.0,7.0,0.0,7.0,0.0,7.0,0.0,7.0,0.0,7.0,7.0
3218,3218,3218,3218,,1,218,7.0,0.0,7.0,0.0,7.0,0.0,7.0,0.0,7.0,0.0,7.0,0.0,7.0,7.0
3219,3219,3219,3219,,10,668,3.0,0.0,3.0,0.0,3.0,0.0,3.0,0.0,3.0,0.0,3.0,0.0,3.0,4.0
3220,3220,3220,3220,,0,481,6.0,0.0,6.0,0.0,6.0,0.0,6.0,0.0,6.0,0.0,6.0,0.0,6.0,6.0
3221,3221,3221,3221,,0,482,7.0,0.0,7.0,0.0,7.0,0.0,7.0,0.0,7.0,0.0,7.0,0.0,7.0,7.0
3222,3222,3222,3222,,20,49,7.0,1.0,7.0,0.0,7.0,1.0,7.0,1.0,7.0,0.0,7.0,1.0,7.0,7.0
3223,3223,3223,3223,,1,483,8.0,0.0,8.0,0.0,8.0,0.0,8.0,0.0,8.0,0.0,8.0,0.0,8.0,8.0
3224,3224,3224,3224,,11,49,7.0,0.0,7.0,0.0,7.0,0.0,7.0,0.0,7.0,0.0,7.0,0.0,7.0,8.0
3225,3225,3225,3225,,2,938,7.0,0.0,7.0,0.0,7.0,0.0,7.0,0.0,7.0,0.0,7.0,0.0,7.0,8.0
3226,3226,3226,3226,,0,484,7.0,0.0,7.0,0.0,7.0,0.0,7.0,0.0,7.0,0.0,7.0,0.0,7.0,7.0
3227,3227,3227,3227,,17,49,7.0,1.0,7.0,0.0,7.0,0.0,7.0,0.0,7.0,0.0,7.0,0.0,7.0,7.0
3228,3228,3228,3228,,0,485,7.0,0.0,7.0,0.0,7.0,0.0,7.0,0.0,7.0,0.0,7.0,0.0,7.0,7.0
3229,3229,3229,3229,,2,799,7.0,0.0,7.0,0.0,7.0,0.0,7.0,0.0,7.0,0.0,7.0,0.0,7.0,7.0
3230,3230,3230,3230,,1,486,7.0,0.0,7.0,0.0,7.0,0.0,7.0,0.0,7.0,0.0,7.0,0.0,7.0,7.0
3231,3231,3231,3231,,0,487,4.0,0.0,4.0,0.0,4.0,0.0,4.0,0.0,4.0,0.0,4.0,0.0,4.0,6.0
3232,3232,3232,3232,,17,35,8.0,1.0,8.0,1.0,8.0,1.0,8.0,1.0,8.0,1.0,8.0,1.0,8.0,8.0
3233,3233,3233,3233,,1,166,7.0,0.0,7.0,0.0,7.0,0.0,7.0,0.0,7.0,0.0,7.0,0.0,7.0,8.0
3234,3234,3234,3234,,68,360,8.0,2.0,8.0,1.0,8.0,1.0,8.0,2.0,8.0,4.0,8.0,1.0,8.0,8.0
3235,3235,3235,3235,,9,16,5.0,2.0,5.0,1.0,5.0,1.0,5.0,2.0,5.0,1.0,5.0,1.0,5.0,5.0
3236,3236,3236,3236,,6,272,7.0,0.0,7.0,0.0,7.0,0.0,7.0,0.0,7.0,0.0,7.0,0.0,7.0,7.0
3237,3237,3237,3237,,12,60,6.0,3.0,6.0,1.0,6.0,1.0,6.0,2.0,6.0,1.0,6.0,1.0,6.0,6.0
3238,3238,3238,3238,,10,218,8.0,1.0,8.0,1.0,8.0,1.0,8.0,1.0,8.0,1.0,8.0,1.0,8.0,8.0
3239,3239,3239,3239,,11,270,8.0,0.0,8.0,0.0,8.0,0.0,8.0,0.0,8.0,0.0,8.0,0.0,8.0,8.0
3240,3240,3240,3240,,14,92,7.0,1.0,7.0,0.0,7.0,1.0,7.0,1.0,7.0,0.0,7.0,1.0,7.0,7.0
3241,3241,3241,3241,,1,719,5.0,0.0,5.0,0.0,5.0,0.0,5.0,0.0,5.0,0.0,5.0,0.0,5.0,5.0
3242,3242,3242,3242,,0,488,7.0,0.0,7.0,0.0,7.0,0.0,7.0,0.0,7.0,0.0,7.0,0.0,7.0,7.0
3243,3243,3243,3243,,3,531,7.0,0.0,7.0,0.0,7.0,0.0,7.0,0.0,7.0,0.0,7.0,0.0,7.0,7.0
3244,3244,3244,3244,,1,42,6.0,0.0,6.0,0.0,6.0,0.0,6.0,0.0,6.0,0.0,6.0,0.0,6.0,6.0
3245,3245,3245,3245,,36,92,7.0,1.0,7.0,2.0,7.0,1.0,7.0,2.0,7.0,1.0,7.0,1.0,7.0,7.0
3246,3246,3246,3246,,30,42,5.0,1.0,5.0,2.0,5.0,1.0,5.0,2.0,5.0,1.0,5.0,1.0,5.0,6.0
3247,3247,3247,3247,,12,388,6.0,0.0,6.0,1.0,6.0,1.0,6.0,1.0,6.0,0.0,6.0,1.0,6.0,6.0
3248,3248,3248,3248,,1,372,6.0,0.0,6.0,0.0,6.0,0.0,6.0,0.0,6.0,0.0,6.0,0.0,6.0,6.0
3249,3249,3249,3249,,3,375,8.0,0.0,8.0,0.0,8.0,0.0,8.0,0.0,8.0,0.0,8.0,0.0,8.0,8.0
3250,3250,3250,3250,,2,92,7.0,0.0,7.0,0.0,7.0,1.0,7.0,1.0,7.0,0.0,7.0,1.0,7.0,7.0
3251,3251,3251,3251,,22,387,7.0,0.0,7.0,0.0,7.0,0.0,7.0,0.0,7.0,0.0,7.0,0.0,7.0,7.0
3252,3252,3252,3252,,23,217,6.0,1.0,6.0,1.0,6.0,1.0,6.0,1.0,6.0,0.0,6.0,1.0,6.0,6.0
3253,3253,3253,3253,,0,489,6.0,0.0,6.0,0.0,6.0,0.0,6.0,0.0,6.0,0.0,6.0,0.0,6.0,6.0
3254,3254,3254,3254,,15,218,7.0,1.0,7.0,1.0,7.0,1.0,7.0,2.0,7.0,0.0,7.0,1.0,7.0,7.0
3255,3255,3255,3255,,1,166,6.0,0.0,6.0,0.0,6.0,0.0,6.0,0.0,6.0,0.0,6.0,0.0,6.0,7.0
3256,3256,3256,3256,,9,389,5.0,0.0,5.0,0.0,5.0,1.0,5.0,1.0,5.0,0.0,5.0,1.0,5.0,6.0
3257,3257,3257,3257,,27,217,7.0,1.0,7.0,2.0,7.0,2.0,7.0,2.0,7.0,1.0,7.0,1.0,7.0,8.0
3258,3258,3258,3258,,5,49,6.0,0.0,6.0,0.0,6.0,0.0,6.0,1.0,6.0,0.0,6.0,0.0,6.0,6.0
3259,3259,3259,3259,,0,490,7.0,0.0,7.0,0.0,7.0,0.0,7.0,0.0,7.0,0.0,7.0,0.0,7.0,7.0
3260,3260,3260,3260,,8,218,6.0,1.0,6.0,0.0,6.0,0.0,6.0,1.0,6.0,1.0,6.0,0.0,6.0,7.0
3261,3261,3261,3261,,6,49,6.0,0.0,6.0,0.0,6.0,0.0,6.0,0.0,6.0,0.0,6.0,0.0,6.0,6.0
3262,3262,3262,3262,,8,389,7.0,0.0,7.0,0.0,7.0,0.0,7.0,0.0,7.0,0.0,7.0,0.0,7.0,7.0
3263,3263,3263,3263,,2,78,7.0,0.0,7.0,0.0,7.0,0.0,7.0,0.0,7.0,0.0,7.0,0.0,7.0,7.0
3264,3264,3264,3264,,1,491,4.0,0.0,4.0,0.0,4.0,0.0,4.0,0.0,4.0,0.0,4.0,0.0,4.0,4.0
3265,3265,3265,3265,,1,492,7.0,0.0,7.0,0.0,7.0,0.0,7.0,0.0,7.0,0.0,7.0,0.0,7.0,7.0
3266,3266,3266,3266,,5,218,6.0,0.0,6.0,0.0,6.0,0.0,6.0,1.0,6.0,0.0,6.0,0.0,6.0,6.0
3267,3267,3267,3267,,11,60,5.0,1.0,5.0,0.0,5.0,1.0,5.0,1.0,5.0,0.0,5.0,1.0,5.0,5.0
3268,3268,3268,3268,,1,493,5.0,0.0,5.0,0.0,5.0,0.0,5.0,0.0,5.0,0.0,5.0,0.0,5.0,5.0
3269,3269,3269,3269,,0,494,6.0,0.0,6.0,0.0,6.0,0.0,6.0,0.0,6.0,0.0,6.0,0.0,6.0,6.0
3270,3270,3270,3270,,6,49,7.0,0.0,7.0,0.0,7.0,0.0,7.0,0.0,7.0,0.0,7.0,0.0,7.0,7.0
3271,3271,3271,3271,,26,375,7.0,1.0,7.0,1.0,7.0,1.0,7.0,1.0,7.0,1.0,7.0,1.0,7.0,7.0
3272,3272,3272,3272,,19,375,7.0,1.0,7.0,0.0,7.0,1.0,7.0,1.0,7.0,0.0,7.0,1.0,7.0,7.0
3273,3273,3273,3273,,1,509,7.0,0.0,7.0,0.0,7.0,0.0,7.0,0.0,7.0,0.0,7.0,0.0,7.0,7.0
3274,3274,3274,3274,,0,495,6.0,0.0,6.0,0.0,6.0,0.0,6.0,0.0,6.0,0.0,6.0,0.0,6.0,7.0
3275,3275,3275,3275,,1,496,6.0,0.0,6.0,0.0,6.0,0.0,6.0,0.0,6.0,0.0,6.0,0.0,6.0,7.0
3276,3276,3276,3276,,2,372,7.0,0.0,7.0,0.0,7.0,0.0,7.0,0.0,7.0,0.0,7.0,0.0,7.0,7.0
3277,3277,3277,3277,,28,375,7.0,1.0,7.0,0.0,7.0,1.0,7.0,1.0,7.0,0.0,7.0,1.0,7.0,7.0
3278,3278,3278,3278,,2,517,7.0,0.0,7.0,0.0,7.0,0.0,7.0,0.0,7.0,0.0,7.0,0.0,7.0,7.0
3279,3279,3279,3279,,1,497,7.0,0.0,7.0,0.0,7.0,0.0,7.0,0.0,7.0,0.0,7.0,0.0,7.0,7.0
3280,3280,3280,3280,,0,498,4.0,0.0,4.0,0.0,4.0,0.0,4.0,0.0,4.0,0.0,4.0,0.0,4.0,5.0
3281,3281,3281,3281,,1,387,7.0,0.0,7.0,0.0,7.0,0.0,7.0,0.0,7.0,0.0,7.0,0.0,7.0,7.0
3282,3282,3282,3282,,1,499,7.0,0.0,7.0,0.0,7.0,0.0,7.0,0.0,7.0,0.0,7.0,0.0,7.0,7.0
3283,3283,3283,3283,,0,500,6.0,0.0,6.0,0.0,6.0,0.0,6.0,0.0,6.0,0.0,6.0,0.0,6.0,6.0
3284,3284,3284,3284,,1,535,6.0,0.0,6.0,0.0,6.0,0.0,6.0,0.0,6.0,0.0,6.0,0.0,6.0,6.0
3285,3285,3285,3285,,0,501,5.0,0.0,5.0,0.0,5.0,0.0,5.0,0.0,5.0,0.0,5.0,0.0,5.0,5.0
3286,3286,3286,3286,,0,502,6.0,0.0,6.0,0.0,6.0,0.0,6.0,0.0,6.0,0.0,6.0,0.0,6.0,6.0
3287,3287,3287,3287,,1,16,7.0,0.0,7.0,0.0,7.0,0.0,7.0,0.0,7.0,0.0,7.0,0.0,7.0,7.0
3288,3288,3288,3288,,6,388,7.0,0.0,7.0,0.0,7.0,2.0,7.0,1.0,7.0,0.0,7.0,1.0,7.0,7.0
3289,3289,3289,3289,,26,218,5.0,1.0,5.0,1.0,5.0,1.0,5.0,2.0,5.0,0.0,5.0,1.0,5.0,6.0
3290,3290,3290,3290,,4,270,6.0,0.0,6.0,0.0,6.0,0.0,6.0,0.0,6.0,0.0,6.0,0.0,6.0,7.0
3291,3291,3291,3291,,0,503,6.0,0.0,6.0,0.0,6.0,0.0,6.0,0.0,6.0,0.0,6.0,0.0,6.0,6.0
3292,3292,3292,3292,,0,504,7.0,0.0,7.0,0.0,7.0,0.0,7.0,0.0,7.0,0.0,7.0,0.0,7.0,7.0
3293,3293,3293,3293,,0,505,6.0,0.0,6.0,0.0,6.0,0.0,6.0,0.0,6.0,0.0,6.0,0.0,6.0,7.0
3294,3294,3294,3294,,6,457,6.0,0.0,6.0,0.0,6.0,0.0,6.0,0.0,6.0,0.0,6.0,0.0,6.0,6.0
3295,3295,3295,3295,,0,506,5.0,0.0,5.0,0.0,5.0,0.0,5.0,0.0,5.0,0.0,5.0,0.0,5.0,5.0
3296,3296,3296,3296,,1,60,8.0,0.0,8.0,0.0,8.0,0.0,8.0,0.0,8.0,0.0,8.0,0.0,8.0,8.0
3297,3297,3297,3297,,21,389,6.0,1.0,6.0,1.0,6.0,2.0,6.0,2.0,6.0,0.0,6.0,1.0,6.0,6.0
3298,3298,3298,3298,,0,507,6.0,0.0,6.0,0.0,6.0,0.0,6.0,0.0,6.0,0.0,6.0,0.0,6.0,6.0
3299,3299,3299,3299,,0,508,5.0,0.0,5.0,0.0,5.0,0.0,5.0,0.0,5.0,0.0,5.0,0.0,5.0,6.0
3300,3300,3300,3300,,3,166,4.0,0.0,4.0,0.0,4.0,0.0,4.0,0.0,4.0,0.0,4.0,0.0,4.0,5.0
3301,3301,3301,3301,,9,375,7.0,1.0,7.0,0.0,7.0,0.0,7.0,1.0,7.0,0.0,7.0,0.0,7.0,7.0
3302,3302,3302,3302,,32,389,7.0,1.0,7.0,1.0,7.0,1.0,7.0,2.0,7.0,1.0,7.0,1.0,7.0,7.0
3303,3303,3303,3303,,3,509,6.0,0.0,6.0,0.0,6.0,0.0,6.0,0.0,6.0,0.0,6.0,0.0,6.0,7.0
3304,3304,3304,3304,,0,510,5.0,0.0,5.0,0.0,5.0,0.0,5.0,0.0,5.0,0.0,5.0,0.0,5.0,6.0
3305,3305,3305,3305,,0,511,6.0,0.0,6.0,0.0,6.0,0.0,6.0,0.0,6.0,0.0,6.0,0.0,6.0,7.0
3306,3306,3306,3306,,0,512,4.0,0.0,4.0,0.0,4.0,0.0,4.0,0.0,4.0,0.0,4.0,0.0,4.0,6.0
3307,3307,3307,3307,,64,16,7.0,3.0,7.0,1.0,7.0,1.0,7.0,4.0,7.0,1.0,7.0,1.0,7.0,7.0
3308,3308,3308,3308,,0,513,7.0,0.0,7.0,0.0,7.0,0.0,7.0,0.0,7.0,0.0,7.0,0.0,7.0,7.0
3309,3309,3309,3309,,0,514,7.0,0.0,7.0,0.0,7.0,0.0,7.0,0.0,7.0,0.0,7.0,0.0,7.0,7.0
3310,3310,3310,3310,,0,515,7.0,0.0,7.0,0.0,7.0,0.0,7.0,0.0,7.0,0.0,7.0,0.0,7.0,7.0
3311,3311,3311,3311,,33,218,7.0,1.0,7.0,1.0,7.0,1.0,7.0,1.0,7.0,0.0,7.0,1.0,7.0,7.0
3312,3312,3312,3312,,25,35,6.0,1.0,6.0,1.0,6.0,1.0,6.0,2.0,6.0,1.0,6.0,1.0,6.0,6.0
3313,3313,3313,3313,,1,516,7.0,0.0,7.0,0.0,7.0,0.0,7.0,0.0,7.0,0.0,7.0,0.0,7.0,7.0
3314,3314,3314,3314,,2,517,6.0,0.0,6.0,0.0,6.0,0.0,6.0,0.0,6.0,0.0,6.0,0.0,6.0,6.0
3315,3315,3315,3315,,0,518,6.0,0.0,6.0,0.0,6.0,0.0,6.0,0.0,6.0,0.0,6.0,0.0,6.0,6.0
3316,3316,3316,3316,,25,49,7.0,1.0,7.0,1.0,7.0,1.0,7.0,1.0,7.0,0.0,7.0,1.0,7.0,8.0
3317,3317,3317,3317,,0,519,5.0,0.0,5.0,0.0,5.0,0.0,5.0,0.0,5.0,0.0,5.0,0.0,5.0,5.0
3318,3318,3318,3318,,0,520,4.0,0.0,4.0,0.0,4.0,0.0,4.0,0.0,4.0,0.0,4.0,0.0,4.0,6.0
3319,3319,3319,3319,,0,521,6.0,0.0,6.0,0.0,6.0,0.0,6.0,0.0,6.0,0.0,6.0,0.0,6.0,6.0
3320,3320,3320,3320,,3,166,6.0,0.0,6.0,0.0,6.0,0.0,6.0,0.0,6.0,0.0,6.0,0.0,6.0,6.0
3321,3321,3321,3321,,1,813,5.0,0.0,5.0,0.0,5.0,0.0,5.0,0.0,5.0,0.0,5.0,0.0,5.0,6.0
3322,3322,3322,3322,,0,522,7.0,0.0,7.0,0.0,7.0,0.0,7.0,0.0,7.0,0.0,7.0,0.0,7.0,7.0
3323,3323,3323,3323,,11,49,6.0,1.0,6.0,0.0,6.0,1.0,6.0,1.0,6.0,0.0,6.0,0.0,6.0,6.0
3324,3324,3324,3324,,0,523,6.0,0.0,6.0,0.0,6.0,0.0,6.0,0.0,6.0,0.0,6.0,0.0,6.0,6.0
3325,3325,3325,3325,,1,541,6.0,0.0,6.0,0.0,6.0,0.0,6.0,0.0,6.0,0.0,6.0,0.0,6.0,6.0
3326,3326,3326,3326,,0,524,6.0,0.0,6.0,0.0,6.0,0.0,6.0,0.0,6.0,0.0,6.0,0.0,6.0,7.0
3327,3327,3327,3327,,0,525,6.0,0.0,6.0,0.0,6.0,0.0,6.0,0.0,6.0,0.0,6.0,0.0,6.0,6.0
3328,3328,3328,3328,,0,526,8.0,0.0,8.0,0.0,8.0,0.0,8.0,0.0,8.0,0.0,8.0,0.0,8.0,8.0
3329,3329,3329,3329,,10,60,6.0,1.0,6.0,1.0,6.0,1.0,6.0,1.0,6.0,0.0,6.0,1.0,6.0,6.0
3330,3330,3330,3330,,0,527,8.0,0.0,8.0,0.0,8.0,0.0,8.0,0.0,8.0,0.0,8.0,0.0,8.0,8.0
3331,3331,3331,3331,,26,49,6.0,1.0,6.0,1.0,6.0,1.0,6.0,1.0,6.0,1.0,6.0,1.0,6.0,7.0
3332,3332,3332,3332,,8,35,7.0,1.0,7.0,0.0,7.0,0.0,7.0,1.0,7.0,0.0,7.0,0.0,7.0,7.0
3333,3333,3333,3333,,5,315,4.0,0.0,4.0,0.0,4.0,0.0,4.0,0.0,4.0,0.0,4.0,0.0,4.0,5.0
3334,3334,3334,3334,,25,218,7.0,1.0,7.0,2.0,7.0,1.0,7.0,1.0,7.0,1.0,7.0,1.0,7.0,7.0
3335,3335,3335,3335,,1,679,6.0,0.0,6.0,0.0,6.0,0.0,6.0,0.0,6.0,0.0,6.0,0.0,6.0,7.0
3336,3336,3336,3336,,25,387,6.0,0.0,6.0,0.0,6.0,0.0,6.0,0.0,6.0,0.0,6.0,0.0,6.0,7.0
3337,3337,3337,3337,,18,387,8.0,0.0,8.0,0.0,8.0,0.0,8.0,0.0,8.0,0.0,8.0,0.0,8.0,8.0
3338,3338,3338,3338,,4,799,6.0,0.0,6.0,0.0,6.0,0.0,6.0,0.0,6.0,0.0,6.0,0.0,6.0,6.0
3339,3339,3339,3339,,24,218,7.0,1.0,7.0,1.0,7.0,1.0,7.0,1.0,7.0,1.0,7.0,1.0,7.0,7.0
3340,3340,3340,3340,,5,372,7.0,0.0,7.0,0.0,7.0,0.0,7.0,0.0,7.0,0.0,7.0,0.0,7.0,7.0
3341,3341,3341,3341,,10,49,6.0,1.0,6.0,0.0,6.0,1.0,6.0,1.0,6.0,1.0,6.0,1.0,6.0,6.0
3342,3342,3342,3342,,31,217,5.0,1.0,5.0,1.0,5.0,4.0,5.0,3.0,5.0,1.0,5.0,2.0,5.0,5.0
3343,3343,3343,3343,,5,387,6.0,0.0,6.0,0.0,6.0,0.0,6.0,0.0,6.0,0.0,6.0,0.0,6.0,7.0
3344,3344,3344,3344,,1,528,7.0,0.0,7.0,0.0,7.0,0.0,7.0,0.0,7.0,0.0,7.0,0.0,7.0,7.0
3345,3345,3345,3345,,33,375,7.0,1.0,7.0,1.0,7.0,1.0,7.0,3.0,7.0,1.0,7.0,1.0,7.0,7.0
3346,3346,3346,3346,,1,529,6.0,0.0,6.0,0.0,6.0,0.0,6.0,0.0,6.0,0.0,6.0,0.0,6.0,6.0
3347,3347,3347,3347,,40,49,7.0,1.0,7.0,1.0,7.0,1.0,7.0,2.0,7.0,1.0,7.0,1.0,7.0,7.0
3348,3348,3348,3348,,17,218,7.0,1.0,7.0,1.0,7.0,1.0,7.0,1.0,7.0,1.0,7.0,1.0,7.0,7.0
3349,3349,3349,3349,,5,35,7.0,0.0,7.0,0.0,7.0,1.0,7.0,1.0,7.0,0.0,7.0,0.0,7.0,7.0
3350,3350,3350,3350,,45,272,7.0,1.0,7.0,1.0,7.0,1.0,7.0,1.0,7.0,0.0,7.0,1.0,7.0,7.0
3351,3351,3351,3351,,25,387,6.0,0.0,6.0,0.0,6.0,0.0,6.0,0.0,6.0,0.0,6.0,0.0,6.0,7.0
3352,3352,3352,3352,,21,272,5.0,1.0,5.0,0.0,5.0,1.0,5.0,1.0,5.0,0.0,5.0,1.0,5.0,6.0
3353,3353,3353,3353,,8,16,7.0,3.0,7.0,0.0,7.0,0.0,7.0,1.0,7.0,0.0,7.0,1.0,7.0,7.0
3354,3354,3354,3354,,3,389,8.0,0.0,8.0,1.0,8.0,0.0,8.0,0.0,8.0,0.0,8.0,0.0,8.0,8.0
3355,3355,3355,3355,,0,530,4.0,0.0,4.0,0.0,4.0,0.0,4.0,0.0,4.0,0.0,4.0,0.0,4.0,5.0
3356,3356,3356,3356,,64,35,6.0,1.0,6.0,1.0,6.0,1.0,6.0,2.0,6.0,1.0,6.0,1.0,6.0,7.0
3357,3357,3357,3357,,2,388,7.0,0.0,7.0,0.0,7.0,0.0,7.0,0.0,7.0,0.0,7.0,0.0,7.0,7.0
3358,3358,3358,3358,,3,531,7.0,0.0,7.0,0.0,7.0,0.0,7.0,0.0,7.0,0.0,7.0,0.0,7.0,7.0
3359,3359,3359,3359,,0,532,6.0,0.0,6.0,0.0,6.0,0.0,6.0,0.0,6.0,0.0,6.0,0.0,6.0,6.0
3360,3360,3360,3360,,9,388,6.0,1.0,6.0,1.0,6.0,1.0,6.0,1.0,6.0,0.0,6.0,1.0,6.0,6.0
3361,3361,3361,3361,,0,533,4.0,0.0,4.0,0.0,4.0,0.0,4.0,0.0,4.0,0.0,4.0,0.0,4.0,4.0
3362,3362,3362,3362,,38,375,7.0,1.0,7.0,1.0,7.0,1.0,7.0,2.0,7.0,1.0,7.0,1.0,7.0,7.0
3363,3363,3363,3363,,6,375,7.0,0.0,7.0,0.0,7.0,0.0,7.0,0.0,7.0,0.0,7.0,0.0,7.0,7.0
3364,3364,3364,3364,,47,272,6.0,1.0,6.0,1.0,6.0,1.0,6.0,1.0,6.0,0.0,6.0,1.0,6.0,7.0
3365,3365,3365,3365,,13,217,7.0,1.0,7.0,1.0,7.0,1.0,7.0,2.0,7.0,0.0,7.0,1.0,7.0,7.0
3366,3366,3366,3366,,1,534,7.0,0.0,7.0,0.0,7.0,0.0,7.0,0.0,7.0,0.0,7.0,0.0,7.0,7.0
3367,3367,3367,3367,,22,387,7.0,1.0,7.0,0.0,7.0,1.0,7.0,1.0,7.0,0.0,7.0,1.0,7.0,7.0
3368,3368,3368,3368,,1,535,6.0,0.0,6.0,0.0,6.0,0.0,6.0,0.0,6.0,0.0,6.0,0.0,6.0,6.0
3369,3369,3369,3369,,1,35,7.0,0.0,7.0,0.0,7.0,0.0,7.0,0.0,7.0,0.0,7.0,0.0,7.0,7.0
3370,3370,3370,3370,,9,60,7.0,1.0,7.0,1.0,7.0,1.0,7.0,1.0,7.0,2.0,7.0,1.0,7.0,8.0
3371,3371,3371,3371,,0,536,4.0,0.0,4.0,0.0,4.0,0.0,4.0,0.0,4.0,0.0,4.0,0.0,4.0,4.0
3372,3372,3372,3372,,0,537,6.0,0.0,6.0,0.0,6.0,0.0,6.0,0.0,6.0,0.0,6.0,0.0,6.0,6.0
3373,3373,3373,3373,,1,651,7.0,0.0,7.0,0.0,7.0,0.0,7.0,0.0,7.0,0.0,7.0,0.0,7.0,8.0
3374,3374,3374,3374,,1,49,7.0,0.0,7.0,0.0,7.0,0.0,7.0,0.0,7.0,0.0,7.0,0.0,7.0,7.0
3375,3375,3375,3375,,1,387,6.0,0.0,6.0,0.0,6.0,0.0,6.0,0.0,6.0,0.0,6.0,0.0,6.0,7.0
3376,3376,3376,3376,,53,218,6.0,2.0,6.0,1.0,6.0,1.0,6.0,2.0,6.0,1.0,6.0,1.0,6.0,6.0
3377,3377,3377,3377,,0,538,6.0,0.0,6.0,0.0,6.0,0.0,6.0,0.0,6.0,0.0,6.0,0.0,6.0,7.0
3378,3378,3378,3378,,4,272,6.0,0.0,6.0,0.0,6.0,0.0,6.0,0.0,6.0,0.0,6.0,0.0,6.0,6.0
3379,3379,3379,3379,,20,369,6.0,1.0,6.0,1.0,6.0,1.0,6.0,1.0,6.0,0.0,6.0,1.0,6.0,6.0
3380,3380,3380,3380,,35,49,7.0,1.0,7.0,1.0,7.0,1.0,7.0,1.0,7.0,1.0,7.0,1.0,7.0,8.0
3381,3381,3381,3381,,0,539,6.0,0.0,6.0,0.0,6.0,0.0,6.0,0.0,6.0,0.0,6.0,0.0,6.0,6.0
3382,3382,3382,3382,,0,540,5.0,0.0,5.0,0.0,5.0,0.0,5.0,0.0,5.0,0.0,5.0,0.0,5.0,6.0
3383,3383,3383,3383,,9,272,5.0,0.0,5.0,2.0,5.0,1.0,5.0,1.0,5.0,0.0,5.0,1.0,5.0,5.0
3384,3384,3384,3384,,1,541,7.0,0.0,7.0,0.0,7.0,0.0,7.0,0.0,7.0,0.0,7.0,0.0,7.0,7.0
3385,3385,3385,3385,,11,799,6.0,0.0,6.0,0.0,6.0,0.0,6.0,1.0,6.0,0.0,6.0,0.0,6.0,7.0
3386,3386,3386,3386,,1,16,7.0,0.0,7.0,0.0,7.0,0.0,7.0,1.0,7.0,0.0,7.0,0.0,7.0,7.0
3387,3387,3387,3387,,21,387,6.0,0.0,6.0,0.0,6.0,0.0,6.0,0.0,6.0,0.0,6.0,0.0,6.0,6.0
3388,3388,3388,3388,,0,542,6.0,0.0,6.0,0.0,6.0,0.0,6.0,0.0,6.0,0.0,6.0,0.0,6.0,6.0
3389,3389,3389,3389,,0,543,3.0,0.0,3.0,0.0,3.0,0.0,3.0,0.0,3.0,0.0,3.0,0.0,3.0,4.0
3390,3390,3390,3390,,0,544,7.0,0.0,7.0,0.0,7.0,0.0,7.0,0.0,7.0,0.0,7.0,0.0,7.0,7.0
3391,3391,3391,3391,,20,218,6.0,0.0,6.0,1.0,6.0,1.0,6.0,1.0,6.0,0.0,6.0,1.0,6.0,6.0
3392,3392,3392,3392,,10,217,6.0,1.0,6.0,1.0,6.0,2.0,6.0,1.0,6.0,0.0,6.0,1.0,6.0,6.0
3393,3393,3393,3393,,0,545,8.0,0.0,8.0,0.0,8.0,0.0,8.0,0.0,8.0,0.0,8.0,0.0,8.0,8.0
3394,3394,3394,3394,,1,546,7.0,0.0,7.0,0.0,7.0,0.0,7.0,0.0,7.0,0.0,7.0,0.0,7.0,7.0
3395,3395,3395,3395,,18,272,6.0,2.0,6.0,0.0,6.0,1.0,6.0,1.0,6.0,1.0,6.0,1.0,6.0,6.0
3396,3396,3396,3396,,0,547,7.0,0.0,7.0,0.0,7.0,0.0,7.0,0.0,7.0,0.0,7.0,0.0,7.0,7.0
3397,3397,3397,3397,,0,548,6.0,0.0,6.0,0.0,6.0,0.0,6.0,0.0,6.0,0.0,6.0,0.0,6.0,6.0
3398,3398,3398,3398,,8,375,6.0,1.0,6.0,0.0,6.0,1.0,6.0,1.0,6.0,0.0,6.0,1.0,6.0,7.0
3399,3399,3399,3399,,14,218,7.0,1.0,7.0,1.0,7.0,1.0,7.0,1.0,7.0,0.0,7.0,1.0,7.0,8.0
3400,3400,3400,3400,,0,549,6.0,0.0,6.0,0.0,6.0,0.0,6.0,0.0,6.0,0.0,6.0,0.0,6.0,6.0
3401,3401,3401,3401,,19,387,5.0,0.0,5.0,0.0,5.0,0.0,5.0,0.0,5.0,0.0,5.0,0.0,5.0,5.0
3402,3402,3402,3402,,0,550,5.0,0.0,5.0,0.0,5.0,0.0,5.0,0.0,5.0,0.0,5.0,0.0,5.0,5.0
3403,3403,3403,3403,,0,551,7.0,0.0,7.0,0.0,7.0,0.0,7.0,0.0,7.0,0.0,7.0,0.0,7.0,7.0
3404,3404,3404,3404,,19,142,7.0,1.0,7.0,1.0,7.0,1.0,7.0,3.0,7.0,1.0,7.0,1.0,7.0,7.0
3405,3405,3405,3405,,0,552,7.0,0.0,7.0,0.0,7.0,0.0,7.0,0.0,7.0,0.0,7.0,0.0,7.0,8.0
3406,3406,3406,3406,,10,49,7.0,0.0,7.0,0.0,7.0,0.0,7.0,0.0,7.0,0.0,7.0,0.0,7.0,7.0
3407,3407,3407,3407,,2,553,6.0,0.0,6.0,0.0,6.0,0.0,6.0,0.0,6.0,0.0,6.0,0.0,6.0,6.0
3408,3408,3408,3408,,0,554,7.0,0.0,7.0,0.0,7.0,0.0,7.0,0.0,7.0,0.0,7.0,0.0,7.0,7.0
3409,3409,3409,3409,,3,49,6.0,0.0,6.0,0.0,6.0,0.0,6.0,0.0,6.0,0.0,6.0,0.0,6.0,6.0
3410,3410,3410,3410,,6,375,6.0,0.0,6.0,0.0,6.0,0.0,6.0,0.0,6.0,0.0,6.0,0.0,6.0,6.0
3411,3411,3411,3411,,59,60,7.0,1.0,7.0,1.0,7.0,1.0,7.0,2.0,7.0,1.0,7.0,2.0,7.0,7.0
3412,3412,3412,3412,,0,555,6.0,0.0,6.0,0.0,6.0,0.0,6.0,0.0,6.0,0.0,6.0,0.0,6.0,7.0
3413,3413,3413,3413,,31,217,6.0,1.0,6.0,1.0,6.0,2.0,6.0,2.0,6.0,1.0,6.0,1.0,6.0,6.0
3414,3414,3414,3414,,2,272,8.0,0.0,8.0,0.0,8.0,0.0,8.0,0.0,8.0,0.0,8.0,0.0,8.0,8.0
3415,3415,3415,3415,,3,166,6.0,0.0,6.0,0.0,6.0,0.0,6.0,0.0,6.0,0.0,6.0,0.0,6.0,6.0
3416,3416,3416,3416,,0,556,5.0,0.0,5.0,0.0,5.0,0.0,5.0,0.0,5.0,0.0,5.0,0.0,5.0,7.0
3417,3417,3417,3417,,1,557,8.0,0.0,8.0,0.0,8.0,0.0,8.0,0.0,8.0,0.0,8.0,0.0,8.0,8.0
3418,3418,3418,3418,,6,388,6.0,0.0,6.0,0.0,6.0,1.0,6.0,1.0,6.0,0.0,6.0,0.0,6.0,6.0
3419,3419,3419,3419,,0,558,5.0,0.0,5.0,0.0,5.0,0.0,5.0,0.0,5.0,0.0,5.0,0.0,5.0,6.0
3420,3420,3420,3420,,9,375,7.0,1.0,7.0,0.0,7.0,1.0,7.0,1.0,7.0,0.0,7.0,1.0,7.0,8.0
3421,3421,3421,3421,,0,559,7.0,0.0,7.0,0.0,7.0,0.0,7.0,0.0,7.0,0.0,7.0,0.0,7.0,7.0
3422,3422,3422,3422,,4,799,6.0,1.0,6.0,0.0,6.0,0.0,6.0,1.0,6.0,0.0,6.0,0.0,6.0,6.0
3423,3423,3423,3423,,16,799,7.0,0.0,7.0,0.0,7.0,1.0,7.0,1.0,7.0,0.0,7.0,1.0,7.0,7.0
3424,3424,3424,3424,,14,166,6.0,1.0,6.0,1.0,6.0,1.0,6.0,1.0,6.0,1.0,6.0,3.0,6.0,7.0
3425,3425,3425,3425,,9,16,7.0,1.0,7.0,1.0,7.0,1.0,7.0,9.0,8.0,0.0,8.0,1.0,8.0,7.0
3426,3426,3426,3426,,4,389,5.0,0.0,5.0,0.0,5.0,0.0,5.0,0.0,5.0,0.0,5.0,0.0,5.0,5.0
3427,3427,3427,3427,,3,272,7.0,0.0,7.0,0.0,7.0,0.0,7.0,0.0,7.0,0.0,7.0,0.0,7.0,7.0
3428,3428,3428,3428,,28,142,4.0,1.0,4.0,1.0,4.0,1.0,4.0,1.0,4.0,1.0,4.0,1.0,4.0,5.0
3429,3429,3429,3429,,1,777,7.0,0.0,7.0,0.0,7.0,0.0,7.0,0.0,7.0,0.0,7.0,0.0,7.0,7.0
3430,3430,3430,3430,,0,560,7.0,0.0,7.0,0.0,7.0,0.0,7.0,0.0,7.0,0.0,7.0,0.0,7.0,7.0
3431,3431,3431,3431,,3,92,7.0,0.0,7.0,0.0,7.0,0.0,7.0,0.0,7.0,0.0,7.0,0.0,7.0,7.0
3432,3432,3432,3432,,0,561,8.0,0.0,8.0,0.0,8.0,0.0,8.0,0.0,8.0,0.0,8.0,0.0,8.0,8.0
3433,3433,3433,3433,,14,16,7.0,3.0,7.0,1.0,7.0,1.0,7.0,3.0,7.0,1.0,7.0,1.0,7.0,7.0
3434,3434,3434,3434,,1,562,7.0,0.0,7.0,0.0,7.0,0.0,7.0,0.0,7.0,0.0,7.0,0.0,7.0,7.0
3435,3435,3435,3435,,0,563,7.0,0.0,7.0,0.0,7.0,0.0,7.0,0.0,7.0,0.0,7.0,0.0,7.0,7.0
3436,3436,3436,3436,,2,217,7.0,0.0,7.0,0.0,7.0,0.0,7.0,1.0,7.0,0.0,7.0,0.0,7.0,7.0
3437,3437,3437,3437,,0,564,6.0,0.0,6.0,0.0,6.0,0.0,6.0,0.0,6.0,0.0,6.0,0.0,6.0,7.0
3438,3438,3438,3438,,1,270,8.0,0.0,8.0,0.0,8.0,0.0,8.0,0.0,8.0,0.0,8.0,0.0,8.0,8.0
3439,3439,3439,3439,,9,60,7.0,1.0,7.0,1.0,7.0,1.0,7.0,1.0,7.0,0.0,7.0,2.0,7.0,8.0
3440,3440,3440,3440,,1,153,7.0,0.0,7.0,0.0,7.0,0.0,7.0,0.0,7.0,0.0,7.0,0.0,7.0,7.0
3441,3441,3441,3441,,13,49,7.0,1.0,7.0,0.0,7.0,1.0,7.0,1.0,7.0,0.0,7.0,1.0,7.0,7.0
3442,3442,3442,3442,,3,60,7.0,0.0,7.0,0.0,7.0,1.0,7.0,0.0,7.0,0.0,7.0,1.0,7.0,7.0
3443,3443,3443,3443,,12,35,7.0,1.0,7.0,0.0,7.0,1.0,7.0,1.0,7.0,1.0,7.0,1.0,7.0,7.0
3444,3444,3444,3444,,3,34,7.0,0.0,7.0,0.0,7.0,0.0,7.0,0.0,7.0,0.0,7.0,0.0,7.0,7.0
3445,3445,3445,3445,,20,60,8.0,1.0,8.0,1.0,8.0,1.0,8.0,1.0,8.0,0.0,8.0,1.0,8.0,8.0
3446,3446,3446,3446,,5,883,7.0,0.0,7.0,0.0,7.0,0.0,7.0,0.0,7.0,0.0,7.0,0.0,7.0,7.0
3447,3447,3447,3447,,3,387,7.0,0.0,7.0,0.0,7.0,0.0,7.0,0.0,7.0,0.0,7.0,0.0,7.0,7.0
3448,3448,3448,3448,,0,565,7.0,0.0,7.0,0.0,7.0,0.0,7.0,0.0,7.0,0.0,7.0,0.0,7.0,7.0
3449,3449,3449,3449,,8,387,7.0,0.0,7.0,0.0,7.0,0.0,7.0,1.0,7.0,0.0,7.0,0.0,7.0,7.0
3450,3450,3450,3450,,3,272,7.0,0.0,7.0,0.0,7.0,0.0,7.0,0.0,7.0,0.0,7.0,0.0,7.0,7.0
3451,3451,3451,3451,,10,49,7.0,2.0,7.0,1.0,7.0,1.0,7.0,2.0,7.0,1.0,7.0,1.0,7.0,7.0
3452,3452,3452,3452,,0,566,7.0,0.0,7.0,0.0,7.0,0.0,7.0,0.0,7.0,0.0,7.0,0.0,7.0,7.0
3453,3453,3453,3453,,3,531,7.0,0.0,7.0,0.0,7.0,0.0,7.0,0.0,7.0,0.0,7.0,0.0,7.0,7.0
3454,3454,3454,3454,,10,142,8.0,2.0,8.0,1.0,8.0,1.0,8.0,2.0,8.0,0.0,8.0,2.0,8.0,8.0
3455,3455,3455,3455,,6,166,6.0,0.0,6.0,1.0,6.0,1.0,6.0,1.0,6.0,0.0,6.0,3.0,6.0,6.0
3456,3456,3456,3456,,4,218,6.0,0.0,6.0,1.0,6.0,0.0,6.0,1.0,6.0,0.0,6.0,0.0,6.0,7.0
3457,3457,3457,3457,,17,375,7.0,1.0,7.0,0.0,7.0,1.0,7.0,1.0,7.0,0.0,7.0,1.0,7.0,7.0
3458,3458,3458,3458,,2,567,6.0,0.0,6.0,0.0,6.0,0.0,6.0,0.0,6.0,0.0,6.0,0.0,6.0,6.0
3459,3459,3459,3459,,3,568,7.0,0.0,7.0,0.0,7.0,0.0,7.0,0.0,7.0,0.0,7.0,0.0,7.0,7.0
3460,3460,3460,3460,,12,799,7.0,0.0,7.0,0.0,7.0,0.0,7.0,0.0,7.0,0.0,7.0,0.0,7.0,7.0
3461,3461,3461,3461,,15,668,6.0,0.0,6.0,0.0,6.0,0.0,6.0,0.0,6.0,0.0,6.0,0.0,6.0,6.0
3462,3462,3462,3462,,0,569,4.0,0.0,4.0,0.0,4.0,0.0,4.0,0.0,4.0,0.0,4.0,0.0,4.0,5.0
3463,3463,3463,3463,,9,217,6.0,1.0,6.0,1.0,6.0,0.0,6.0,1.0,6.0,0.0,6.0,0.0,6.0,7.0
3464,3464,3464,3464,,3,568,7.0,0.0,7.0,0.0,7.0,0.0,7.0,0.0,7.0,0.0,7.0,0.0,7.0,7.0
3465,3465,3465,3465,,7,166,6.0,0.0,6.0,1.0,6.0,1.0,6.0,1.0,6.0,0.0,6.0,2.0,6.0,6.0
3466,3466,3466,3466,,0,570,7.0,0.0,7.0,0.0,7.0,0.0,7.0,0.0,7.0,0.0,7.0,0.0,7.0,7.0
3467,3467,3467,3467,,17,668,5.0,0.0,5.0,0.0,5.0,0.0,5.0,0.0,5.0,0.0,5.0,0.0,5.0,6.0
3468,3468,3468,3468,,26,375,7.0,1.0,7.0,0.0,7.0,1.0,7.0,1.0,7.0,1.0,7.0,1.0,7.0,8.0
3469,3469,3469,3469,,7,799,5.0,0.0,5.0,0.0,5.0,0.0,5.0,0.0,5.0,0.0,5.0,0.0,5.0,5.0
3470,3470,3470,3470,,13,49,7.0,0.0,7.0,0.0,7.0,0.0,7.0,1.0,7.0,0.0,7.0,0.0,7.0,7.0
3471,3471,3471,3471,,0,571,8.0,0.0,8.0,0.0,8.0,0.0,8.0,0.0,8.0,0.0,8.0,0.0,8.0,8.0
3472,3472,3472,3472,,2,218,7.0,0.0,7.0,0.0,7.0,0.0,7.0,1.0,7.0,0.0,7.0,0.0,7.0,7.0
3473,3473,3473,3473,,0,572,6.0,0.0,6.0,0.0,6.0,0.0,6.0,0.0,6.0,0.0,6.0,0.0,6.0,6.0
3474,3474,3474,3474,,1,573,6.0,0.0,6.0,0.0,6.0,0.0,6.0,0.0,6.0,0.0,6.0,0.0,6.0,7.0
3475,3475,3475,3475,,1,217,6.0,0.0,6.0,0.0,6.0,0.0,6.0,0.0,6.0,0.0,6.0,0.0,6.0,6.0
3476,3476,3476,3476,,8,375,7.0,0.0,7.0,0.0,7.0,0.0,7.0,0.0,7.0,0.0,7.0,0.0,7.0,7.0
3477,3477,3477,3477,,0,574,7.0,0.0,7.0,0.0,7.0,0.0,7.0,0.0,7.0,0.0,7.0,0.0,7.0,8.0
3478,3478,3478,3478,,0,575,5.0,0.0,5.0,0.0,5.0,0.0,5.0,0.0,5.0,0.0,5.0,0.0,5.0,5.0
3479,3479,3479,3479,,3,387,7.0,0.0,7.0,0.0,7.0,0.0,7.0,0.0,7.0,0.0,7.0,0.0,7.0,7.0
3480,3480,3480,3480,,2,60,7.0,0.0,7.0,0.0,7.0,0.0,7.0,1.0,7.0,0.0,7.0,0.0,7.0,7.0
3481,3481,3481,3481,,0,576,5.0,0.0,5.0,0.0,5.0,0.0,5.0,0.0,5.0,0.0,5.0,0.0,5.0,6.0
3482,3482,3482,3482,,0,577,6.0,0.0,6.0,0.0,6.0,0.0,6.0,0.0,6.0,0.0,6.0,0.0,6.0,7.0
3483,3483,3483,3483,,21,42,6.0,1.0,6.0,3.0,6.0,1.0,6.0,2.0,6.0,1.0,6.0,1.0,6.0,6.0
3484,3484,3484,3484,,16,217,7.0,1.0,7.0,1.0,7.0,1.0,7.0,3.0,7.0,0.0,7.0,1.0,7.0,7.0
3485,3485,3485,3485,,1,258,7.0,0.0,7.0,0.0,7.0,0.0,7.0,0.0,7.0,0.0,7.0,0.0,7.0,8.0
3486,3486,3486,3486,,2,954,6.0,0.0,6.0,0.0,6.0,0.0,6.0,0.0,6.0,0.0,6.0,0.0,6.0,6.0
3487,3487,3487,3487,,5,35,7.0,0.0,7.0,0.0,7.0,1.0,7.0,1.0,7.0,0.0,7.0,1.0,7.0,7.0
3488,3488,3488,3488,,1,42,6.0,0.0,6.0,0.0,6.0,0.0,6.0,0.0,6.0,0.0,6.0,0.0,6.0,6.0
3489,3489,3489,3489,,1,689,6.0,0.0,6.0,0.0,6.0,0.0,6.0,0.0,6.0,0.0,6.0,0.0,6.0,6.0
3490,3490,3490,3490,,3,272,8.0,0.0,8.0,0.0,8.0,0.0,8.0,0.0,8.0,0.0,8.0,0.0,8.0,8.0
3491,3491,3491,3491,,7,92,6.0,0.0,6.0,0.0,6.0,0.0,6.0,1.0,6.0,0.0,6.0,0.0,6.0,6.0
3492,3492,3492,3492,,45,272,7.0,1.0,7.0,1.0,7.0,1.0,7.0,1.0,7.0,0.0,7.0,1.0,7.0,7.0
3493,3493,3493,3493,,0,578,7.0,0.0,7.0,0.0,7.0,0.0,7.0,0.0,7.0,0.0,7.0,0.0,7.0,7.0
3494,3494,3494,3494,,11,270,5.0,0.0,5.0,0.0,5.0,0.0,5.0,1.0,5.0,0.0,5.0,0.0,5.0,6.0
3495,3495,3495,3495,,1,16,5.0,2.0,5.0,0.0,5.0,0.0,5.0,1.0,5.0,0.0,5.0,0.0,5.0,5.0
3496,3496,3496,3496,,1,579,6.0,0.0,6.0,0.0,6.0,0.0,6.0,0.0,6.0,0.0,6.0,0.0,6.0,6.0
3497,3497,3497,3497,,2,281,6.0,0.0,6.0,0.0,6.0,0.0,6.0,0.0,6.0,0.0,6.0,0.0,6.0,6.0
3498,3498,3498,3498,,14,375,5.0,1.0,5.0,0.0,5.0,1.0,5.0,1.0,5.0,0.0,5.0,2.0,5.0,6.0
3499,3499,3499,3499,,0,580,6.0,0.0,6.0,0.0,6.0,0.0,6.0,0.0,6.0,0.0,6.0,0.0,6.0,6.0
3500,3500,3500,3500,,2,470,7.0,0.0,7.0,0.0,7.0,0.0,7.0,0.0,7.0,0.0,7.0,0.0,7.0,7.0
3501,3501,3501,3501,,8,60,6.0,0.0,6.0,0.0,6.0,0.0,6.0,0.0,6.0,0.0,6.0,0.0,6.0,7.0
3502,3502,3502,3502,,0,581,5.0,0.0,5.0,0.0,5.0,0.0,5.0,0.0,5.0,0.0,5.0,0.0,5.0,5.0
3503,3503,3503,3503,,1,582,8.0,0.0,8.0,0.0,8.0,0.0,8.0,0.0,8.0,0.0,8.0,0.0,8.0,8.0
3504,3504,3504,3504,,34,375,7.0,1.0,7.0,1.0,7.0,1.0,7.0,2.0,7.0,0.0,7.0,1.0,7.0,7.0
3505,3505,3505,3505,,0,583,5.0,0.0,5.0,0.0,5.0,0.0,5.0,0.0,5.0,0.0,5.0,0.0,5.0,7.0
3506,3506,3506,3506,,0,584,5.0,0.0,5.0,0.0,5.0,0.0,5.0,0.0,5.0,0.0,5.0,0.0,5.0,6.0
3507,3507,3507,3507,,37,153,6.0,1.0,6.0,1.0,6.0,1.0,6.0,2.0,6.0,1.0,6.0,1.0,6.0,6.0
3508,3508,3508,3508,,2,372,6.0,0.0,6.0,0.0,6.0,0.0,6.0,0.0,6.0,0.0,6.0,0.0,6.0,7.0
3509,3509,3509,3509,,1,889,5.0,0.0,5.0,0.0,5.0,0.0,5.0,0.0,5.0,0.0,5.0,0.0,5.0,7.0
3510,3510,3510,3510,,0,585,8.0,0.0,8.0,0.0,8.0,0.0,8.0,0.0,8.0,0.0,8.0,0.0,8.0,8.0
3511,3511,3511,3511,,33,35,7.0,1.0,7.0,1.0,7.0,1.0,7.0,2.0,7.0,1.0,7.0,1.0,7.0,7.0
3512,3512,3512,3512,,1,586,7.0,0.0,7.0,0.0,7.0,0.0,7.0,0.0,7.0,0.0,7.0,0.0,7.0,7.0
3513,3513,3513,3513,,9,375,6.0,1.0,6.0,0.0,6.0,1.0,6.0,1.0,6.0,0.0,6.0,0.0,6.0,6.0
3514,3514,3514,3514,,7,799,7.0,0.0,7.0,0.0,7.0,1.0,7.0,0.0,7.0,0.0,7.0,0.0,7.0,7.0
3515,3515,3515,3515,,0,587,5.0,0.0,5.0,0.0,5.0,0.0,5.0,0.0,5.0,0.0,5.0,0.0,5.0,5.0
3516,3516,3516,3516,,15,799,7.0,0.0,7.0,0.0,7.0,0.0,7.0,1.0,7.0,0.0,7.0,2.0,7.0,8.0
3517,3517,3517,3517,,0,588,6.0,0.0,6.0,0.0,6.0,0.0,6.0,0.0,6.0,0.0,6.0,0.0,6.0,6.0
3518,3518,3518,3518,,0,589,7.0,0.0,7.0,0.0,7.0,0.0,7.0,0.0,7.0,0.0,7.0,0.0,7.0,7.0
3519,3519,3519,3519,,0,590,10.0,0.0,10.0,0.0,10.0,0.0,10.0,0.0,10.0,0.0,10.0,0.0,10.0,10.0
3520,3520,3520,3520,,5,35,6.0,0.0,6.0,0.0,6.0,0.0,6.0,1.0,6.0,0.0,6.0,0.0,6.0,6.0
3521,3521,3521,3521,,2,938,6.0,0.0,6.0,0.0,6.0,0.0,6.0,0.0,6.0,0.0,6.0,0.0,6.0,6.0
3522,3522,3522,3522,,1,829,4.0,0.0,4.0,0.0,4.0,0.0,4.0,0.0,4.0,0.0,4.0,0.0,4.0,6.0
3523,3523,3523,3523,,0,591,5.0,0.0,5.0,0.0,5.0,0.0,5.0,0.0,5.0,0.0,5.0,0.0,5.0,6.0
3524,3524,3524,3524,,3,35,6.0,0.0,6.0,0.0,6.0,0.0,6.0,0.0,6.0,0.0,6.0,0.0,6.0,6.0
3525,3525,3525,3525,,0,592,4.0,0.0,4.0,0.0,4.0,0.0,4.0,0.0,4.0,0.0,4.0,0.0,4.0,4.0
3526,3526,3526,3526,,9,387,8.0,1.0,8.0,0.0,8.0,0.0,8.0,1.0,8.0,0.0,8.0,0.0,8.0,8.0
3527,3527,3527,3527,,8,387,7.0,1.0,7.0,0.0,7.0,1.0,7.0,2.0,7.0,0.0,7.0,1.0,7.0,7.0
3528,3528,3528,3528,,0,593,6.0,0.0,6.0,0.0,6.0,0.0,6.0,0.0,6.0,0.0,6.0,0.0,6.0,7.0
3529,3529,3529,3529,,0,594,7.0,0.0,7.0,0.0,7.0,0.0,7.0,0.0,7.0,0.0,7.0,0.0,7.0,7.0
3530,3530,3530,3530,,31,217,6.0,1.0,6.0,1.0,6.0,2.0,6.0,2.0,6.0,1.0,6.0,1.0,6.0,6.0
3531,3531,3531,3531,,20,142,7.0,1.0,7.0,1.0,7.0,1.0,7.0,3.0,7.0,1.0,7.0,1.0,7.0,7.0
3532,3532,3532,3532,,8,375,7.0,0.0,7.0,1.0,7.0,0.0,7.0,0.0,7.0,0.0,7.0,0.0,7.0,7.0
3533,3533,3533,3533,,47,60,6.0,1.0,6.0,1.0,6.0,1.0,6.0,2.0,6.0,1.0,6.0,2.0,6.0,6.0
3534,3534,3534,3534,,0,595,3.0,0.0,3.0,0.0,3.0,0.0,3.0,0.0,3.0,0.0,3.0,0.0,3.0,3.0
3535,3535,3535,3535,,0,596,8.0,0.0,8.0,0.0,8.0,0.0,8.0,0.0,8.0,0.0,8.0,0.0,8.0,8.0
3536,3536,3536,3536,,0,597,6.0,0.0,6.0,0.0,6.0,0.0,6.0,0.0,6.0,0.0,6.0,0.0,6.0,6.0
3537,3537,3537,3537,,11,49,6.0,1.0,6.0,0.0,6.0,1.0,6.0,1.0,6.0,1.0,6.0,0.0,6.0,6.0
3538,3538,3538,3538,,16,668,8.0,0.0,8.0,0.0,8.0,0.0,8.0,0.0,8.0,0.0,8.0,0.0,8.0,8.0
3539,3539,3539,3539,,1,598,5.0,0.0,5.0,0.0,5.0,0.0,5.0,0.0,5.0,0.0,5.0,0.0,5.0,5.0
3540,3540,3540,3540,,0,599,7.0,0.0,7.0,0.0,7.0,0.0,7.0,0.0,7.0,0.0,7.0,0.0,7.0,7.0
3541,3541,3541,3541,,1,600,7.0,0.0,7.0,0.0,7.0,0.0,7.0,0.0,7.0,0.0,7.0,0.0,7.0,7.0
3542,3542,3542,3542,,0,601,5.0,0.0,5.0,0.0,5.0,0.0,5.0,0.0,5.0,0.0,5.0,0.0,5.0,5.0
3543,3543,3543,3543,,0,602,7.0,0.0,7.0,0.0,7.0,0.0,7.0,0.0,7.0,0.0,7.0,0.0,7.0,7.0
3544,3544,3544,3544,,0,603,6.0,0.0,6.0,0.0,6.0,0.0,6.0,0.0,6.0,0.0,6.0,0.0,6.0,6.0
3545,3545,3545,3545,,0,604,6.0,0.0,6.0,0.0,6.0,0.0,6.0,0.0,6.0,0.0,6.0,0.0,6.0,6.0
3546,3546,3546,3546,,0,605,5.0,0.0,5.0,0.0,5.0,0.0,5.0,0.0,5.0,0.0,5.0,0.0,5.0,5.0
3547,3547,3547,3547,,1,375,7.0,0.0,7.0,0.0,7.0,0.0,7.0,0.0,7.0,0.0,7.0,0.0,7.0,7.0
3548,3548,3548,3548,,1,49,7.0,0.0,7.0,0.0,7.0,0.0,7.0,0.0,7.0,0.0,7.0,0.0,7.0,7.0
3549,3549,3549,3549,,2,375,6.0,0.0,6.0,0.0,6.0,0.0,6.0,0.0,6.0,0.0,6.0,0.0,6.0,6.0
3550,3550,3550,3550,,0,606,7.0,0.0,7.0,0.0,7.0,0.0,7.0,0.0,7.0,0.0,7.0,0.0,7.0,7.0
3551,3551,3551,3551,,0,607,6.0,0.0,6.0,0.0,6.0,0.0,6.0,0.0,6.0,0.0,6.0,0.0,6.0,6.0
3552,3552,3552,3552,,23,387,7.0,0.0,7.0,0.0,7.0,0.0,7.0,0.0,7.0,0.0,7.0,0.0,7.0,7.0
3553,3553,3553,3553,,0,608,5.0,0.0,5.0,0.0,5.0,0.0,5.0,0.0,5.0,0.0,5.0,0.0,5.0,5.0
3554,3554,3554,3554,,32,388,7.0,1.0,7.0,1.0,7.0,1.0,7.0,1.0,7.0,1.0,7.0,1.0,7.0,7.0
3555,3555,3555,3555,,22,388,6.0,0.0,6.0,1.0,6.0,2.0,6.0,1.0,6.0,0.0,6.0,1.0,6.0,7.0
3556,3556,3556,3556,,0,609,7.0,0.0,7.0,0.0,7.0,0.0,7.0,0.0,7.0,0.0,7.0,0.0,7.0,7.0
3557,3557,3557,3557,,9,166,6.0,0.0,6.0,0.0,6.0,0.0,6.0,0.0,6.0,0.0,6.0,0.0,6.0,6.0
3558,3558,3558,3558,,1,457,6.0,0.0,6.0,0.0,6.0,0.0,6.0,0.0,6.0,0.0,6.0,0.0,6.0,7.0
3559,3559,3559,3559,,2,35,6.0,0.0,6.0,0.0,6.0,0.0,6.0,0.0,6.0,0.0,6.0,0.0,6.0,6.0
3560,3560,3560,3560,,1,35,5.0,0.0,5.0,0.0,5.0,0.0,5.0,0.0,5.0,0.0,5.0,0.0,5.0,5.0
3561,3561,3561,3561,,26,153,7.0,1.0,7.0,1.0,7.0,1.0,7.0,1.0,7.0,1.0,7.0,2.0,7.0,7.0
3562,3562,3562,3562,,0,610,8.0,0.0,8.0,0.0,8.0,0.0,8.0,0.0,8.0,0.0,8.0,0.0,8.0,8.0
3563,3563,3563,3563,,3,35,5.0,0.0,5.0,0.0,5.0,0.0,5.0,0.0,5.0,0.0,5.0,0.0,5.0,5.0
3564,3564,3564,3564,,5,799,6.0,0.0,6.0,0.0,6.0,0.0,6.0,0.0,6.0,0.0,6.0,0.0,6.0,6.0
3565,3565,3565,3565,,1,611,7.0,0.0,7.0,0.0,7.0,0.0,7.0,0.0,7.0,0.0,7.0,0.0,7.0,7.0
3566,3566,3566,3566,,12,217,5.0,1.0,5.0,1.0,5.0,1.0,5.0,4.0,5.0,0.0,5.0,2.0,5.0,5.0
3567,3567,3567,3567,,11,389,7.0,1.0,7.0,1.0,7.0,1.0,7.0,2.0,7.0,0.0,7.0,1.0,7.0,7.0
3568,3568,3568,3568,,5,34,7.0,0.0,7.0,0.0,7.0,0.0,7.0,0.0,7.0,0.0,7.0,0.0,7.0,7.0
3569,3569,3569,3569,,1,35,5.0,0.0,5.0,0.0,5.0,0.0,5.0,0.0,5.0,0.0,5.0,0.0,5.0,5.0
3570,3570,3570,3570,,12,34,8.0,1.0,8.0,0.0,8.0,0.0,8.0,0.0,8.0,0.0,8.0,0.0,8.0,8.0
3571,3571,3571,3571,,12,49,8.0,0.0,8.0,0.0,8.0,1.0,8.0,1.0,8.0,0.0,8.0,0.0,8.0,8.0
3572,3572,3572,3572,,0,612,5.0,0.0,5.0,0.0,5.0,0.0,5.0,0.0,5.0,0.0,5.0,0.0,5.0,5.0
3573,3573,3573,3573,,15,16,8.0,6.0,8.0,1.0,8.0,1.0,8.0,2.0,8.0,1.0,8.0,1.0,8.0,8.0
3574,3574,3574,3574,,1,613,6.0,0.0,6.0,0.0,6.0,0.0,6.0,0.0,6.0,0.0,6.0,0.0,6.0,6.0
3575,3575,3575,3575,,17,35,7.0,1.0,7.0,1.0,7.0,1.0,7.0,1.0,7.0,1.0,7.0,1.0,7.0,7.0
3576,3576,3576,3576,,11,375,7.0,0.0,7.0,0.0,7.0,0.0,7.0,0.0,7.0,0.0,7.0,0.0,7.0,8.0
3577,3577,3577,3577,,10,35,7.0,1.0,7.0,1.0,7.0,1.0,7.0,1.0,7.0,0.0,7.0,1.0,7.0,7.0
3578,3578,3578,3578,,1,16,5.0,0.0,5.0,0.0,5.0,0.0,5.0,0.0,5.0,0.0,5.0,0.0,5.0,5.0
3579,3579,3579,3579,,0,614,7.0,0.0,7.0,0.0,7.0,0.0,7.0,0.0,7.0,0.0,7.0,0.0,7.0,7.0
3580,3580,3580,3580,,0,615,5.0,0.0,5.0,0.0,5.0,0.0,5.0,0.0,5.0,0.0,5.0,0.0,5.0,5.0
3581,3581,3581,3581,,0,616,6.0,0.0,6.0,0.0,6.0,0.0,6.0,0.0,6.0,0.0,6.0,0.0,6.0,6.0
3582,3582,3582,3582,,0,617,7.0,0.0,7.0,0.0,7.0,0.0,7.0,0.0,7.0,0.0,7.0,0.0,7.0,7.0
3583,3583,3583,3583,,1,618,6.0,0.0,6.0,0.0,6.0,0.0,6.0,0.0,6.0,0.0,6.0,0.0,6.0,6.0
3584,3584,3584,3584,,3,166,7.0,0.0,7.0,0.0,7.0,0.0,7.0,1.0,7.0,0.0,7.0,1.0,7.0,8.0
3585,3585,3585,3585,,1,42,6.0,0.0,6.0,0.0,6.0,0.0,6.0,0.0,6.0,0.0,6.0,0.0,6.0,7.0
3586,3586,3586,3586,,5,49,6.0,0.0,6.0,0.0,6.0,0.0,6.0,0.0,6.0,0.0,6.0,0.0,6.0,6.0
3587,3587,3587,3587,,3,375,5.0,0.0,5.0,0.0,5.0,0.0,5.0,0.0,5.0,0.0,5.0,0.0,5.0,6.0
3588,3588,3588,3588,,16,668,6.0,0.0,6.0,0.0,6.0,0.0,6.0,1.0,6.0,0.0,6.0,0.0,6.0,6.0
3589,3589,3589,3589,,8,49,8.0,0.0,8.0,0.0,8.0,1.0,8.0,0.0,8.0,0.0,8.0,0.0,8.0,8.0
3590,3590,3590,3590,,10,799,6.0,0.0,6.0,0.0,6.0,0.0,6.0,0.0,6.0,0.0,6.0,0.0,6.0,6.0
3591,3591,3591,3591,,0,619,6.0,0.0,6.0,0.0,6.0,0.0,6.0,0.0,6.0,0.0,6.0,0.0,6.0,7.0
3592,3592,3592,3592,,1,315,5.0,0.0,5.0,0.0,5.0,0.0,5.0,0.0,5.0,0.0,5.0,0.0,5.0,5.0
3593,3593,3593,3593,,1,42,6.0,0.0,6.0,0.0,6.0,0.0,6.0,0.0,6.0,0.0,6.0,0.0,6.0,6.0
3594,3594,3594,3594,,26,49,5.0,1.0,5.0,1.0,5.0,1.0,5.0,2.0,5.0,1.0,5.0,1.0,5.0,5.0
3595,3595,3595,3595,,3,799,5.0,0.0,5.0,0.0,5.0,0.0,5.0,0.0,5.0,0.0,5.0,0.0,5.0,5.0
3596,3596,3596,3596,,7,375,7.0,0.0,7.0,0.0,7.0,0.0,7.0,1.0,7.0,0.0,7.0,1.0,7.0,7.0
3597,3597,3597,3597,,14,375,8.0,1.0,8.0,1.0,8.0,1.0,8.0,2.0,8.0,0.0,8.0,1.0,8.0,8.0
3598,3598,3598,3598,,0,620,4.0,0.0,4.0,0.0,4.0,0.0,4.0,0.0,4.0,0.0,4.0,0.0,4.0,5.0
3599,3599,3599,3599,,12,49,7.0,0.0,7.0,0.0,7.0,0.0,7.0,1.0,7.0,0.0,7.0,0.0,7.0,7.0
3600,3600,3600,3600,,9,799,6.0,1.0,6.0,0.0,6.0,0.0,6.0,0.0,6.0,0.0,6.0,0.0,6.0,6.0
3601,3601,3601,3601,,1,153,6.0,0.0,6.0,0.0,6.0,0.0,6.0,0.0,6.0,0.0,6.0,0.0,6.0,6.0
3602,3602,3602,3602,,13,42,7.0,1.0,7.0,2.0,7.0,1.0,7.0,2.0,7.0,1.0,7.0,2.0,7.0,7.0
3603,3603,3603,3603,,0,621,6.0,0.0,6.0,0.0,6.0,0.0,6.0,0.0,6.0,0.0,6.0,0.0,6.0,7.0
3604,3604,3604,3604,,0,622,5.0,0.0,5.0,0.0,5.0,0.0,5.0,0.0,5.0,0.0,5.0,0.0,5.0,5.0
3605,3605,3605,3605,,0,623,7.0,0.0,7.0,0.0,7.0,0.0,7.0,0.0,7.0,0.0,7.0,0.0,7.0,7.0
3606,3606,3606,3606,,46,153,7.0,1.0,7.0,1.0,7.0,1.0,7.0,2.0,7.0,1.0,7.0,1.0,7.0,8.0
3607,3607,3607,3607,,1,763,6.0,0.0,6.0,0.0,6.0,0.0,6.0,0.0,6.0,0.0,6.0,0.0,6.0,7.0
3608,3608,3608,3608,,2,567,5.0,0.0,5.0,0.0,5.0,0.0,5.0,0.0,5.0,0.0,5.0,0.0,5.0,5.0
3609,3609,3609,3609,,2,691,4.0,0.0,4.0,0.0,4.0,0.0,4.0,0.0,4.0,0.0,4.0,0.0,4.0,5.0
3610,3610,3610,3610,,0,624,6.0,0.0,6.0,0.0,6.0,0.0,6.0,0.0,6.0,0.0,6.0,0.0,6.0,7.0
3611,3611,3611,3611,,0,625,6.0,0.0,6.0,0.0,6.0,0.0,6.0,0.0,6.0,0.0,6.0,0.0,6.0,6.0
3612,3612,3612,3612,,2,375,5.0,0.0,5.0,0.0,5.0,0.0,5.0,0.0,5.0,0.0,5.0,0.0,5.0,6.0
3613,3613,3613,3613,,0,626,6.0,0.0,6.0,0.0,6.0,0.0,6.0,0.0,6.0,0.0,6.0,0.0,6.0,6.0
3614,3614,3614,3614,,0,627,6.0,0.0,6.0,0.0,6.0,0.0,6.0,0.0,6.0,0.0,6.0,0.0,6.0,7.0
3615,3615,3615,3615,,0,628,7.0,0.0,7.0,0.0,7.0,0.0,7.0,0.0,7.0,0.0,7.0,0.0,7.0,7.0
3616,3616,3616,3616,,25,387,7.0,0.0,7.0,0.0,7.0,0.0,7.0,0.0,7.0,0.0,7.0,0.0,7.0,7.0
3617,3617,3617,3617,,4,42,5.0,0.0,5.0,0.0,5.0,0.0,5.0,0.0,5.0,0.0,5.0,0.0,5.0,6.0
3618,3618,3618,3618,,2,387,6.0,0.0,6.0,0.0,6.0,0.0,6.0,0.0,6.0,0.0,6.0,0.0,6.0,7.0
3619,3619,3619,3619,,1,629,7.0,0.0,7.0,0.0,7.0,0.0,7.0,0.0,7.0,0.0,7.0,0.0,7.0,7.0
3620,3620,3620,3620,,24,166,7.0,1.0,7.0,2.0,7.0,1.0,7.0,1.0,7.0,1.0,7.0,1.0,7.0,7.0
3621,3621,3621,3621,,0,630,7.0,0.0,7.0,0.0,7.0,0.0,7.0,0.0,7.0,0.0,7.0,0.0,7.0,7.0
3622,3622,3622,3622,,16,799,8.0,0.0,8.0,0.0,8.0,0.0,8.0,0.0,8.0,0.0,8.0,0.0,8.0,8.0
3623,3623,3623,3623,,1,217,6.0,0.0,6.0,1.0,6.0,3.0,6.0,1.0,6.0,0.0,6.0,1.0,6.0,7.0
3624,3624,3624,3624,,18,375,8.0,1.0,8.0,0.0,8.0,1.0,8.0,1.0,8.0,0.0,8.0,1.0,8.0,8.0
3625,3625,3625,3625,,0,631,5.0,0.0,5.0,0.0,5.0,0.0,5.0,0.0,5.0,0.0,5.0,0.0,5.0,6.0
3626,3626,3626,3626,,0,632,6.0,0.0,6.0,0.0,6.0,0.0,6.0,0.0,6.0,0.0,6.0,0.0,6.0,6.0
3627,3627,3627,3627,,17,218,7.0,1.0,7.0,1.0,7.0,1.0,7.0,1.0,7.0,1.0,7.0,1.0,7.0,7.0
3628,3628,3628,3628,,0,633,7.0,0.0,7.0,0.0,7.0,0.0,7.0,0.0,7.0,0.0,7.0,0.0,7.0,7.0
3629,3629,3629,3629,,0,634,7.0,0.0,7.0,0.0,7.0,0.0,7.0,0.0,7.0,0.0,7.0,0.0,7.0,7.0
3630,3630,3630,3630,,0,635,5.0,0.0,5.0,0.0,5.0,0.0,5.0,0.0,5.0,0.0,5.0,0.0,5.0,5.0
3631,3631,3631,3631,,10,35,7.0,1.0,7.0,1.0,7.0,1.0,7.0,1.0,7.0,1.0,7.0,1.0,7.0,7.0
3632,3632,3632,3632,,4,142,5.0,0.0,5.0,0.0,5.0,0.0,5.0,0.0,5.0,0.0,5.0,0.0,5.0,6.0
3633,3633,3633,3633,,4,92,6.0,0.0,6.0,0.0,6.0,0.0,6.0,1.0,6.0,0.0,6.0,0.0,6.0,6.0
3634,3634,3634,3634,,4,218,6.0,1.0,6.0,0.0,6.0,0.0,6.0,1.0,6.0,0.0,6.0,0.0,6.0,6.0
3635,3635,3635,3635,,10,218,7.0,1.0,7.0,1.0,7.0,0.0,7.0,1.0,7.0,0.0,7.0,0.0,7.0,8.0
3636,3636,3636,3636,,12,272,6.0,0.0,6.0,0.0,6.0,1.0,6.0,1.0,6.0,0.0,6.0,1.0,6.0,6.0
3637,3637,3637,3637,,1,636,7.0,0.0,7.0,0.0,7.0,0.0,7.0,0.0,7.0,0.0,7.0,0.0,7.0,7.0
3638,3638,3638,3638,,1,851,7.0,0.0,7.0,0.0,7.0,0.0,7.0,0.0,7.0,0.0,7.0,0.0,7.0,7.0
3639,3639,3639,3639,,1,668,6.0,0.0,6.0,0.0,6.0,0.0,6.0,0.0,6.0,0.0,6.0,0.0,6.0,6.0
3640,3640,3640,3640,,1,637,7.0,0.0,7.0,0.0,7.0,0.0,7.0,0.0,7.0,0.0,7.0,0.0,7.0,7.0
3641,3641,3641,3641,,0,638,6.0,0.0,6.0,0.0,6.0,0.0,6.0,0.0,6.0,0.0,6.0,0.0,6.0,6.0
3642,3642,3642,3642,,0,639,4.0,0.0,4.0,0.0,4.0,0.0,4.0,0.0,4.0,0.0,4.0,0.0,4.0,4.0
3643,3643,3643,3643,,28,218,7.0,1.0,7.0,1.0,7.0,1.0,7.0,2.0,7.0,1.0,7.0,1.0,7.0,7.0
3644,3644,3644,3644,,8,35,6.0,0.0,6.0,0.0,6.0,1.0,6.0,1.0,6.0,0.0,6.0,1.0,6.0,6.0
3645,3645,3645,3645,,0,640,6.0,0.0,6.0,0.0,6.0,0.0,6.0,0.0,6.0,0.0,6.0,0.0,6.0,6.0
3646,3646,3646,3646,,58,217,7.0,1.0,7.0,2.0,7.0,3.0,7.0,3.0,7.0,1.0,7.0,2.0,7.0,7.0
3647,3647,3647,3647,,0,641,7.0,0.0,7.0,0.0,7.0,0.0,7.0,0.0,7.0,0.0,7.0,0.0,7.0,7.0
3648,3648,3648,3648,,0,642,7.0,0.0,7.0,0.0,7.0,0.0,7.0,0.0,7.0,0.0,7.0,0.0,7.0,7.0
3649,3649,3649,3649,,0,643,6.0,0.0,6.0,0.0,6.0,0.0,6.0,0.0,6.0,0.0,6.0,0.0,6.0,6.0
3650,3650,3650,3650,,0,644,7.0,0.0,7.0,0.0,7.0,0.0,7.0,0.0,7.0,0.0,7.0,0.0,7.0,7.0
3651,3651,3651,3651,,1,645,6.0,0.0,6.0,0.0,6.0,0.0,6.0,0.0,6.0,0.0,6.0,0.0,6.0,6.0
3652,3652,3652,3652,,0,646,5.0,0.0,5.0,0.0,5.0,0.0,5.0,0.0,5.0,0.0,5.0,0.0,5.0,5.0
3653,3653,3653,3653,,14,360,6.0,1.0,6.0,1.0,6.0,1.0,6.0,1.0,6.0,4.0,6.0,1.0,6.0,6.0
3654,3654,3654,3654,,16,49,6.0,1.0,6.0,1.0,6.0,2.0,6.0,1.0,6.0,0.0,6.0,1.0,6.0,6.0
3655,3655,3655,3655,,0,647,4.0,0.0,4.0,0.0,4.0,0.0,4.0,0.0,4.0,0.0,4.0,0.0,4.0,4.0
3656,3656,3656,3656,,10,388,4.0,0.0,4.0,0.0,4.0,0.0,4.0,1.0,4.0,1.0,4.0,0.0,4.0,4.0
3657,3657,3657,3657,,5,35,7.0,0.0,7.0,0.0,7.0,0.0,7.0,0.0,7.0,0.0,7.0,0.0,7.0,7.0
3658,3658,3658,3658,,1,648,6.0,0.0,6.0,0.0,6.0,0.0,6.0,0.0,6.0,0.0,6.0,0.0,6.0,7.0
3659,3659,3659,3659,,3,67,6.0,0.0,6.0,0.0,6.0,0.0,6.0,0.0,6.0,0.0,6.0,0.0,6.0,6.0
3660,3660,3660,3660,,1,49,3.0,0.0,3.0,0.0,3.0,0.0,3.0,0.0,3.0,0.0,3.0,0.0,3.0,4.0
3661,3661,3661,3661,,0,649,7.0,0.0,7.0,0.0,7.0,0.0,7.0,0.0,7.0,0.0,7.0,0.0,7.0,7.0
3662,3662,3662,3662,,1,49,7.0,0.0,7.0,0.0,7.0,0.0,7.0,0.0,7.0,0.0,7.0,0.0,7.0,8.0
3663,3663,3663,3663,,0,650,3.0,0.0,3.0,0.0,3.0,0.0,3.0,0.0,3.0,0.0,3.0,0.0,3.0,4.0
3664,3664,3664,3664,,1,651,6.0,0.0,6.0,0.0,6.0,0.0,6.0,0.0,6.0,0.0,6.0,0.0,6.0,6.0
3665,3665,3665,3665,,1,652,5.0,0.0,5.0,0.0,5.0,0.0,5.0,0.0,5.0,0.0,5.0,0.0,5.0,5.0
3666,3666,3666,3666,,5,272,5.0,0.0,5.0,0.0,5.0,0.0,5.0,0.0,5.0,0.0,5.0,0.0,5.0,5.0
3667,3667,3667,3667,,0,653,4.0,0.0,4.0,0.0,4.0,0.0,4.0,0.0,4.0,0.0,4.0,0.0,4.0,6.0
3668,3668,3668,3668,,50,272,6.0,1.0,6.0,1.0,6.0,1.0,6.0,1.0,6.0,0.0,6.0,1.0,6.0,7.0
3669,3669,3669,3669,,0,654,0.0,0.0,0.0,0.0,0.0,0.0,0.0,0.0,0.0,0.0,0.0,0.0,0.0,2.0
3670,3670,3670,3670,,0,655,0.0,0.0,0.0,0.0,0.0,0.0,0.0,0.0,0.0,0.0,0.0,0.0,0.0,0.0
3671,3671,3671,3671,,11,35,5.0,1.0,5.0,0.0,5.0,1.0,5.0,1.0,5.0,0.0,5.0,1.0,5.0,5.0
3672,3672,3672,3672,,2,49,4.0,0.0,4.0,0.0,4.0,0.0,4.0,1.0,4.0,0.0,4.0,0.0,4.0,4.0
3673,3673,3673,3673,,0,656,7.0,0.0,7.0,0.0,7.0,0.0,7.0,0.0,7.0,0.0,7.0,0.0,7.0,7.0
3674,3674,3674,3674,,0,657,7.0,0.0,7.0,0.0,7.0,0.0,7.0,0.0,7.0,0.0,7.0,0.0,7.0,7.0
3675,3675,3675,3675,,1,658,7.0,0.0,7.0,0.0,7.0,0.0,7.0,0.0,7.0,0.0,7.0,0.0,7.0,8.0
3676,3676,3676,3676,,4,92,6.0,1.0,6.0,0.0,6.0,0.0,6.0,1.0,6.0,0.0,6.0,0.0,6.0,7.0
3677,3677,3677,3677,,25,35,6.0,1.0,6.0,1.0,6.0,1.0,6.0,2.0,6.0,1.0,6.0,1.0,6.0,6.0
3678,3678,3678,3678,,5,49,6.0,0.0,6.0,0.0,6.0,0.0,6.0,0.0,6.0,0.0,6.0,0.0,6.0,6.0
3679,3679,3679,3679,,2,142,7.0,0.0,7.0,0.0,7.0,0.0,7.0,0.0,7.0,0.0,7.0,0.0,7.0,7.0
3680,3680,3680,3680,,0,659,6.0,0.0,6.0,0.0,6.0,0.0,6.0,0.0,6.0,0.0,6.0,0.0,6.0,6.0
3681,3681,3681,3681,,0,660,6.0,0.0,6.0,0.0,6.0,0.0,6.0,0.0,6.0,0.0,6.0,0.0,6.0,7.0
3682,3682,3682,3682,,0,661,6.0,0.0,6.0,0.0,6.0,0.0,6.0,0.0,6.0,0.0,6.0,0.0,6.0,6.0
3683,3683,3683,3683,,2,42,6.0,0.0,6.0,3.0,6.0,0.0,6.0,0.0,6.0,0.0,6.0,0.0,6.0,6.0
3684,3684,3684,3684,,3,272,7.0,0.0,7.0,0.0,7.0,0.0,7.0,0.0,7.0,0.0,7.0,0.0,7.0,7.0
3685,3685,3685,3685,,12,49,6.0,1.0,6.0,0.0,6.0,1.0,6.0,1.0,6.0,1.0,6.0,0.0,6.0,6.0
3686,3686,3686,3686,,0,662,5.0,0.0,5.0,0.0,5.0,0.0,5.0,0.0,5.0,0.0,5.0,0.0,5.0,5.0
3687,3687,3687,3687,,0,663,5.0,0.0,5.0,0.0,5.0,0.0,5.0,0.0,5.0,0.0,5.0,0.0,5.0,5.0
3688,3688,3688,3688,,9,375,7.0,1.0,7.0,0.0,7.0,0.0,7.0,1.0,7.0,0.0,7.0,0.0,7.0,7.0
3689,3689,3689,3689,,0,664,1.0,0.0,1.0,0.0,1.0,0.0,1.0,0.0,1.0,0.0,1.0,0.0,1.0,4.0
3690,3690,3690,3690,,0,665,7.0,0.0,7.0,0.0,7.0,0.0,7.0,0.0,7.0,0.0,7.0,0.0,7.0,7.0
3691,3691,3691,3691,,0,666,6.0,0.0,6.0,0.0,6.0,0.0,6.0,0.0,6.0,0.0,6.0,0.0,6.0,6.0
3692,3692,3692,3692,,4,217,6.0,0.0,6.0,0.0,6.0,1.0,6.0,1.0,6.0,0.0,6.0,0.0,6.0,6.0
3693,3693,3693,3693,,0,667,6.0,0.0,6.0,0.0,6.0,0.0,6.0,0.0,6.0,0.0,6.0,0.0,6.0,6.0
3694,3694,3694,3694,,8,270,7.0,0.0,7.0,0.0,7.0,0.0,7.0,1.0,7.0,0.0,7.0,0.0,7.0,7.0
3695,3695,3695,3695,,18,34,6.0,0.0,6.0,1.0,6.0,1.0,6.0,1.0,6.0,0.0,6.0,0.0,6.0,6.0
3696,3696,3696,3696,,15,375,7.0,1.0,7.0,1.0,7.0,1.0,7.0,2.0,7.0,0.0,7.0,1.0,7.0,7.0
3697,3697,3697,3697,,6,375,7.0,0.0,7.0,0.0,7.0,0.0,7.0,1.0,7.0,0.0,7.0,1.0,7.0,7.0
3698,3698,3698,3698,,1,42,7.0,0.0,7.0,0.0,7.0,0.0,7.0,0.0,7.0,0.0,7.0,0.0,7.0,7.0
3699,3699,3699,3699,,23,668,7.0,0.0,7.0,0.0,7.0,0.0,7.0,0.0,7.0,0.0,7.0,0.0,7.0,7.0
3700,3700,3700,3700,,13,142,7.0,1.0,7.0,1.0,7.0,1.0,7.0,2.0,7.0,1.0,7.0,1.0,7.0,7.0
3701,3701,3701,3701,,19,375,8.0,1.0,8.0,0.0,8.0,1.0,8.0,1.0,8.0,0.0,8.0,1.0,8.0,8.0
3702,3702,3702,3702,,1,973,6.0,0.0,6.0,0.0,6.0,0.0,6.0,0.0,6.0,0.0,6.0,0.0,6.0,6.0
3703,3703,3703,3703,,7,217,7.0,0.0,7.0,1.0,7.0,1.0,7.0,10.0,8.0,0.0,8.0,1.0,8.0,7.0
3704,3704,3704,3704,,20,60,7.0,1.0,7.0,1.0,7.0,1.0,7.0,1.0,7.0,0.0,7.0,1.0,7.0,7.0
3705,3705,3705,3705,,2,865,6.0,0.0,6.0,0.0,6.0,0.0,6.0,0.0,6.0,0.0,6.0,0.0,6.0,6.0
3706,3706,3706,3706,,30,218,8.0,2.0,8.0,1.0,8.0,1.0,8.0,1.0,8.0,1.0,8.0,1.0,8.0,8.0
3707,3707,3707,3707,,0,669,6.0,0.0,6.0,0.0,6.0,0.0,6.0,0.0,6.0,0.0,6.0,0.0,6.0,7.0
3708,3708,3708,3708,,0,670,8.0,0.0,8.0,0.0,8.0,0.0,8.0,0.0,8.0,0.0,8.0,0.0,8.0,8.0
3709,3709,3709,3709,,1,878,7.0,0.0,7.0,0.0,7.0,0.0,7.0,0.0,7.0,0.0,7.0,0.0,7.0,7.0
3710,3710,3710,3710,,2,769,6.0,0.0,6.0,0.0,6.0,0.0,6.0,0.0,6.0,0.0,6.0,0.0,6.0,7.0
3711,3711,3711,3711,,3,375,7.0,0.0,7.0,0.0,7.0,0.0,7.0,0.0,7.0,0.0,7.0,0.0,7.0,7.0
3712,3712,3712,3712,,0,671,6.0,0.0,6.0,0.0,6.0,0.0,6.0,0.0,6.0,0.0,6.0,0.0,6.0,6.0
3713,3713,3713,3713,,15,92,6.0,1.0,6.0,1.0,6.0,1.0,6.0,2.0,6.0,0.0,6.0,1.0,6.0,6.0
3714,3714,3714,3714,,0,672,7.0,0.0,7.0,0.0,7.0,0.0,7.0,0.0,7.0,0.0,7.0,0.0,7.0,8.0
3715,3715,3715,3715,,1,707,7.0,0.0,7.0,0.0,7.0,0.0,7.0,0.0,7.0,0.0,7.0,0.0,7.0,7.0
3716,3716,3716,3716,,0,673,8.0,0.0,8.0,0.0,8.0,0.0,8.0,0.0,8.0,0.0,8.0,0.0,8.0,8.0
3717,3717,3717,3717,,0,674,5.0,0.0,5.0,0.0,5.0,0.0,5.0,0.0,5.0,0.0,5.0,0.0,5.0,6.0
3718,3718,3718,3718,,0,675,5.0,0.0,5.0,0.0,5.0,0.0,5.0,0.0,5.0,0.0,5.0,0.0,5.0,5.0
3719,3719,3719,3719,,3,375,8.0,0.0,8.0,0.0,8.0,0.0,8.0,0.0,8.0,0.0,8.0,0.0,8.0,8.0
3720,3720,3720,3720,,0,676,7.0,0.0,7.0,0.0,7.0,0.0,7.0,0.0,7.0,0.0,7.0,0.0,7.0,7.0
3721,3721,3721,3721,,6,34,7.0,0.0,7.0,0.0,7.0,0.0,7.0,0.0,7.0,0.0,7.0,0.0,7.0,7.0
3722,3722,3722,3722,,0,677,7.0,0.0,7.0,0.0,7.0,0.0,7.0,0.0,7.0,0.0,7.0,0.0,7.0,7.0
3723,3723,3723,3723,,0,678,8.0,0.0,8.0,0.0,8.0,0.0,8.0,0.0,8.0,0.0,8.0,0.0,8.0,8.0
3724,3724,3724,3724,,1,679,6.0,0.0,6.0,0.0,6.0,0.0,6.0,0.0,6.0,0.0,6.0,0.0,6.0,6.0
3725,3725,3725,3725,,2,166,6.0,0.0,6.0,0.0,6.0,0.0,6.0,0.0,6.0,0.0,6.0,0.0,6.0,7.0
3726,3726,3726,3726,,1,49,7.0,0.0,7.0,0.0,7.0,0.0,7.0,0.0,7.0,0.0,7.0,0.0,7.0,7.0
3727,3727,3727,3727,,2,217,7.0,0.0,7.0,0.0,7.0,0.0,7.0,0.0,7.0,0.0,7.0,0.0,7.0,7.0
3728,3728,3728,3728,,6,16,7.0,2.0,7.0,0.0,7.0,0.0,7.0,1.0,7.0,1.0,7.0,0.0,7.0,7.0
3729,3729,3729,3729,,0,680,7.0,0.0,7.0,0.0,7.0,0.0,7.0,0.0,7.0,0.0,7.0,0.0,7.0,7.0
3730,3730,3730,3730,,0,681,6.0,0.0,6.0,0.0,6.0,0.0,6.0,0.0,6.0,0.0,6.0,0.0,6.0,6.0
3731,3731,3731,3731,,4,345,6.0,0.0,6.0,0.0,6.0,0.0,6.0,0.0,6.0,0.0,6.0,0.0,6.0,6.0
3732,3732,3732,3732,,0,682,7.0,0.0,7.0,0.0,7.0,0.0,7.0,0.0,7.0,0.0,7.0,0.0,7.0,7.0
3733,3733,3733,3733,,3,360,6.0,0.0,6.0,0.0,6.0,1.0,6.0,1.0,6.0,0.0,6.0,0.0,6.0,6.0
3734,3734,3734,3734,,12,372,7.0,1.0,7.0,0.0,7.0,1.0,7.0,1.0,7.0,0.0,7.0,1.0,7.0,7.0
3735,3735,3735,3735,,2,272,6.0,0.0,6.0,0.0,6.0,0.0,6.0,0.0,6.0,0.0,6.0,0.0,6.0,6.0
3736,3736,3736,3736,,3,799,5.0,0.0,5.0,0.0,5.0,0.0,5.0,0.0,5.0,0.0,5.0,0.0,5.0,5.0
3737,3737,3737,3737,,3,799,8.0,0.0,8.0,0.0,8.0,0.0,8.0,0.0,8.0,0.0,8.0,0.0,8.0,8.0
3738,3738,3738,3738,,4,387,7.0,0.0,7.0,0.0,7.0,0.0,7.0,0.0,7.0,0.0,7.0,0.0,7.0,7.0
3739,3739,3739,3739,,24,387,8.0,0.0,8.0,0.0,8.0,0.0,8.0,0.0,8.0,0.0,8.0,0.0,8.0,8.0
3740,3740,3740,3740,,0,683,7.0,0.0,7.0,0.0,7.0,0.0,7.0,0.0,7.0,0.0,7.0,0.0,7.0,7.0
3741,3741,3741,3741,,4,375,7.0,0.0,7.0,0.0,7.0,0.0,7.0,0.0,7.0,0.0,7.0,0.0,7.0,7.0
3742,3742,3742,3742,,13,375,5.0,0.0,5.0,0.0,5.0,0.0,5.0,1.0,5.0,0.0,5.0,0.0,5.0,6.0
3743,3743,3743,3743,,0,684,7.0,0.0,7.0,0.0,7.0,0.0,7.0,0.0,7.0,0.0,7.0,0.0,7.0,7.0
3744,3744,3744,3744,,0,685,5.0,0.0,5.0,0.0,5.0,0.0,5.0,0.0,5.0,0.0,5.0,0.0,5.0,5.0
3745,3745,3745,3745,,4,799,7.0,0.0,7.0,0.0,7.0,0.0,7.0,0.0,7.0,0.0,7.0,0.0,7.0,7.0
3746,3746,3746,3746,,15,270,4.0,1.0,4.0,1.0,4.0,1.0,4.0,1.0,4.0,0.0,4.0,1.0,4.0,5.0
3747,3747,3747,3747,,1,799,6.0,0.0,6.0,0.0,6.0,0.0,6.0,0.0,6.0,0.0,6.0,0.0,6.0,6.0
3748,3748,3748,3748,,0,686,7.0,0.0,7.0,0.0,7.0,0.0,7.0,0.0,7.0,0.0,7.0,0.0,7.0,7.0
3749,3749,3749,3749,,12,799,7.0,0.0,7.0,0.0,7.0,0.0,7.0,0.0,7.0,0.0,7.0,0.0,7.0,8.0
3750,3750,3750,3750,,16,387,8.0,0.0,8.0,0.0,8.0,0.0,8.0,1.0,8.0,0.0,8.0,0.0,8.0,8.0
3751,3751,3751,3751,,1,217,6.0,0.0,6.0,0.0,6.0,0.0,6.0,0.0,6.0,0.0,6.0,0.0,6.0,6.0
3752,3752,3752,3752,,0,687,4.0,0.0,4.0,0.0,4.0,0.0,4.0,0.0,4.0,0.0,4.0,0.0,4.0,5.0
3753,3753,3753,3753,,10,49,8.0,0.0,8.0,0.0,8.0,0.0,8.0,0.0,8.0,0.0,8.0,0.0,8.0,8.0
3754,3754,3754,3754,,21,387,6.0,0.0,6.0,0.0,6.0,0.0,6.0,0.0,6.0,0.0,6.0,0.0,6.0,7.0
3755,3755,3755,3755,,1,688,5.0,0.0,5.0,0.0,5.0,0.0,5.0,0.0,5.0,0.0,5.0,0.0,5.0,7.0
3756,3756,3756,3756,,1,688,6.0,0.0,6.0,0.0,6.0,0.0,6.0,0.0,6.0,0.0,6.0,0.0,6.0,7.0
3757,3757,3757,3757,,35,389,7.0,1.0,7.0,1.0,7.0,1.0,7.0,2.0,7.0,0.0,7.0,1.0,7.0,7.0
3758,3758,3758,3758,,5,42,7.0,0.0,7.0,0.0,7.0,0.0,7.0,0.0,7.0,0.0,7.0,0.0,7.0,7.0
3759,3759,3759,3759,,2,689,6.0,0.0,6.0,0.0,6.0,0.0,6.0,0.0,6.0,0.0,6.0,0.0,6.0,6.0
3760,3760,3760,3760,,0,690,5.0,0.0,5.0,0.0,5.0,0.0,5.0,0.0,5.0,0.0,5.0,0.0,5.0,5.0
3761,3761,3761,3761,,11,217,7.0,1.0,7.0,1.0,7.0,2.0,7.0,2.0,7.0,0.0,7.0,1.0,7.0,7.0
3762,3762,3762,3762,,2,691,5.0,0.0,5.0,0.0,5.0,0.0,5.0,0.0,5.0,0.0,5.0,0.0,5.0,6.0
3763,3763,3763,3763,,0,692,6.0,0.0,6.0,0.0,6.0,0.0,6.0,0.0,6.0,0.0,6.0,0.0,6.0,7.0
3764,3764,3764,3764,,18,799,6.0,0.0,6.0,0.0,6.0,0.0,6.0,1.0,6.0,0.0,6.0,0.0,6.0,7.0
3765,3765,3765,3765,,5,389,6.0,1.0,6.0,0.0,6.0,0.0,6.0,1.0,6.0,0.0,6.0,1.0,6.0,6.0
3766,3766,3766,3766,,25,35,7.0,1.0,7.0,1.0,7.0,1.0,7.0,2.0,7.0,1.0,7.0,1.0,7.0,7.0
3767,3767,3767,3767,,6,153,7.0,0.0,7.0,0.0,7.0,0.0,7.0,0.0,7.0,0.0,7.0,0.0,7.0,7.0
3768,3768,3768,3768,,0,693,3.0,0.0,3.0,0.0,3.0,0.0,3.0,0.0,3.0,0.0,3.0,0.0,3.0,4.0
3769,3769,3769,3769,,20,60,7.0,1.0,7.0,1.0,7.0,1.0,7.0,1.0,7.0,0.0,7.0,1.0,7.0,7.0
3770,3770,3770,3770,,3,568,7.0,0.0,7.0,0.0,7.0,0.0,7.0,0.0,7.0,0.0,7.0,0.0,7.0,7.0
3771,3771,3771,3771,,0,694,5.0,0.0,5.0,0.0,5.0,0.0,5.0,0.0,5.0,0.0,5.0,0.0,5.0,6.0
3772,3772,3772,3772,,9,389,6.0,0.0,6.0,2.0,6.0,1.0,6.0,1.0,6.0,0.0,6.0,1.0,6.0,6.0
3773,3773,3773,3773,,8,375,6.0,1.0,6.0,0.0,6.0,0.0,6.0,2.0,6.0,0.0,6.0,0.0,6.0,6.0
3774,3774,3774,3774,,6,35,6.0,0.0,6.0,0.0,6.0,0.0,6.0,0.0,6.0,0.0,6.0,0.0,6.0,6.0
3775,3775,3775,3775,,0,695,7.0,0.0,7.0,0.0,7.0,0.0,7.0,0.0,7.0,0.0,7.0,0.0,7.0,7.0
3776,3776,3776,3776,,0,696,8.0,0.0,8.0,0.0,8.0,0.0,8.0,0.0,8.0,0.0,8.0,0.0,8.0,8.0
3777,3777,3777,3777,,3,389,5.0,0.0,5.0,0.0,5.0,1.0,5.0,0.0,5.0,0.0,5.0,1.0,5.0,5.0
3778,3778,3778,3778,,0,697,7.0,0.0,7.0,0.0,7.0,0.0,7.0,0.0,7.0,0.0,7.0,0.0,7.0,7.0
3779,3779,3779,3779,,7,375,6.0,1.0,6.0,0.0,6.0,1.0,6.0,1.0,6.0,0.0,6.0,1.0,6.0,6.0
3780,3780,3780,3780,,0,698,7.0,0.0,7.0,0.0,7.0,0.0,7.0,0.0,7.0,0.0,7.0,0.0,7.0,7.0
3781,3781,3781,3781,,0,699,5.0,0.0,5.0,0.0,5.0,0.0,5.0,0.0,5.0,0.0,5.0,0.0,5.0,6.0
3782,3782,3782,3782,,0,700,7.0,0.0,7.0,0.0,7.0,0.0,7.0,0.0,7.0,0.0,7.0,0.0,7.0,7.0
3783,3783,3783,3783,,7,142,7.0,0.0,7.0,0.0,7.0,0.0,7.0,0.0,7.0,0.0,7.0,0.0,7.0,7.0
3784,3784,3784,3784,,0,701,7.0,0.0,7.0,0.0,7.0,0.0,7.0,0.0,7.0,0.0,7.0,0.0,7.0,7.0
3785,3785,3785,3785,,14,272,7.0,1.0,7.0,1.0,7.0,1.0,7.0,1.0,7.0,0.0,7.0,2.0,7.0,7.0
3786,3786,3786,3786,,0,702,6.0,0.0,6.0,0.0,6.0,0.0,6.0,0.0,6.0,0.0,6.0,0.0,6.0,6.0
3787,3787,3787,3787,,1,703,6.0,0.0,6.0,0.0,6.0,0.0,6.0,0.0,6.0,0.0,6.0,0.0,6.0,6.0
3788,3788,3788,3788,,0,704,8.0,0.0,8.0,0.0,8.0,0.0,8.0,0.0,8.0,0.0,8.0,0.0,8.0,8.0
3789,3789,3789,3789,,17,389,7.0,1.0,7.0,1.0,7.0,2.0,7.0,1.0,7.0,0.0,7.0,1.0,7.0,7.0
3790,3790,3790,3790,,5,42,6.0,1.0,6.0,2.0,6.0,0.0,6.0,1.0,6.0,0.0,6.0,0.0,6.0,6.0
3791,3791,3791,3791,,0,705,5.0,0.0,5.0,0.0,5.0,0.0,5.0,0.0,5.0,0.0,5.0,0.0,5.0,5.0
3792,3792,3792,3792,,4,217,6.0,0.0,6.0,0.0,6.0,0.0,6.0,0.0,6.0,0.0,6.0,0.0,6.0,6.0
3793,3793,3793,3793,,0,706,4.0,0.0,4.0,0.0,4.0,0.0,4.0,0.0,4.0,0.0,4.0,0.0,4.0,5.0
3794,3794,3794,3794,,1,707,7.0,0.0,7.0,0.0,7.0,0.0,7.0,0.0,7.0,0.0,7.0,0.0,7.0,7.0
3795,3795,3795,3795,,2,708,6.0,0.0,6.0,0.0,6.0,0.0,6.0,0.0,6.0,0.0,6.0,0.0,6.0,6.0
3796,3796,3796,3796,,1,218,7.0,0.0,7.0,0.0,7.0,0.0,7.0,0.0,7.0,0.0,7.0,0.0,7.0,7.0
3797,3797,3797,3797,,0,709,6.0,0.0,6.0,0.0,6.0,0.0,6.0,0.0,6.0,0.0,6.0,0.0,6.0,6.0
3798,3798,3798,3798,,0,710,6.0,0.0,6.0,0.0,6.0,0.0,6.0,0.0,6.0,0.0,6.0,0.0,6.0,6.0
3799,3799,3799,3799,,1,711,6.0,0.0,6.0,0.0,6.0,0.0,6.0,0.0,6.0,0.0,6.0,0.0,6.0,7.0
3800,3800,3800,3800,,23,218,6.0,1.0,6.0,1.0,6.0,1.0,6.0,1.0,6.0,0.0,6.0,1.0,6.0,6.0
3801,3801,3801,3801,,0,712,7.0,0.0,7.0,0.0,7.0,0.0,7.0,0.0,7.0,0.0,7.0,0.0,7.0,7.0
3802,3802,3802,3802,,0,713,7.0,0.0,7.0,0.0,7.0,0.0,7.0,0.0,7.0,0.0,7.0,0.0,7.0,7.0
3803,3803,3803,3803,,0,714,5.0,0.0,5.0,0.0,5.0,0.0,5.0,0.0,5.0,0.0,5.0,0.0,5.0,6.0
3804,3804,3804,3804,,0,715,6.0,0.0,6.0,0.0,6.0,0.0,6.0,0.0,6.0,0.0,6.0,0.0,6.0,7.0
3805,3805,3805,3805,,3,716,6.0,0.0,6.0,0.0,6.0,0.0,6.0,0.0,6.0,0.0,6.0,0.0,6.0,6.0
3806,3806,3806,3806,,0,717,5.0,0.0,5.0,0.0,5.0,0.0,5.0,0.0,5.0,0.0,5.0,0.0,5.0,5.0
3807,3807,3807,3807,,0,718,7.0,0.0,7.0,0.0,7.0,0.0,7.0,0.0,7.0,0.0,7.0,0.0,7.0,7.0
3808,3808,3808,3808,,1,719,4.0,0.0,4.0,0.0,4.0,0.0,4.0,0.0,4.0,0.0,4.0,0.0,4.0,4.0
3809,3809,3809,3809,,0,720,5.0,0.0,5.0,0.0,5.0,0.0,5.0,0.0,5.0,0.0,5.0,0.0,5.0,5.0
3810,3810,3810,3810,,0,721,4.0,0.0,4.0,0.0,4.0,0.0,4.0,0.0,4.0,0.0,4.0,0.0,4.0,5.0
3811,3811,3811,3811,,8,60,8.0,0.0,8.0,0.0,8.0,0.0,8.0,0.0,8.0,0.0,8.0,0.0,8.0,8.0
3812,3812,3812,3812,,5,218,8.0,0.0,8.0,0.0,8.0,0.0,8.0,0.0,8.0,0.0,8.0,0.0,8.0,8.0
3813,3813,3813,3813,,3,799,8.0,0.0,8.0,0.0,8.0,0.0,8.0,0.0,8.0,0.0,8.0,0.0,8.0,8.0
3814,3814,3814,3814,,0,722,7.0,0.0,7.0,0.0,7.0,0.0,7.0,0.0,7.0,0.0,7.0,0.0,7.0,7.0
3815,3815,3815,3815,,3,272,6.0,0.0,6.0,0.0,6.0,0.0,6.0,0.0,6.0,0.0,6.0,0.0,6.0,6.0
3816,3816,3816,3816,,2,826,7.0,0.0,7.0,0.0,7.0,0.0,7.0,0.0,7.0,0.0,7.0,0.0,7.0,8.0
3817,3817,3817,3817,,0,723,7.0,0.0,7.0,0.0,7.0,0.0,7.0,0.0,7.0,0.0,7.0,0.0,7.0,7.0
3818,3818,3818,3818,,0,724,7.0,0.0,7.0,0.0,7.0,0.0,7.0,0.0,7.0,0.0,7.0,0.0,7.0,7.0
3819,3819,3819,3819,,0,725,7.0,0.0,7.0,0.0,7.0,0.0,7.0,0.0,7.0,0.0,7.0,0.0,7.0,7.0
3820,3820,3820,3820,,0,726,7.0,0.0,7.0,0.0,7.0,0.0,7.0,0.0,7.0,0.0,7.0,0.0,7.0,7.0
3821,3821,3821,3821,,3,35,6.0,0.0,6.0,0.0,6.0,0.0,6.0,0.0,6.0,0.0,6.0,0.0,6.0,6.0
3822,3822,3822,3822,,24,49,7.0,1.0,7.0,0.0,7.0,0.0,7.0,1.0,7.0,0.0,7.0,0.0,7.0,7.0
3823,3823,3823,3823,,22,387,7.0,0.0,7.0,0.0,7.0,0.0,7.0,0.0,7.0,0.0,7.0,0.0,7.0,7.0
3824,3824,3824,3824,,5,375,7.0,0.0,7.0,0.0,7.0,1.0,7.0,1.0,7.0,0.0,7.0,1.0,7.0,7.0
3825,3825,3825,3825,,23,387,7.0,1.0,7.0,0.0,7.0,1.0,7.0,1.0,7.0,0.0,7.0,1.0,7.0,7.0
3826,3826,3826,3826,,0,727,5.0,0.0,5.0,0.0,5.0,0.0,5.0,0.0,5.0,0.0,5.0,0.0,5.0,6.0
3827,3827,3827,3827,,1,728,7.0,0.0,7.0,0.0,7.0,0.0,7.0,0.0,7.0,0.0,7.0,0.0,7.0,7.0
3828,3828,3828,3828,,4,272,7.0,1.0,7.0,0.0,7.0,1.0,7.0,1.0,7.0,0.0,7.0,1.0,7.0,7.0
3829,3829,3829,3829,,0,729,6.0,0.0,6.0,0.0,6.0,0.0,6.0,0.0,6.0,0.0,6.0,0.0,6.0,6.0
3830,3830,3830,3830,,48,272,7.0,1.0,7.0,1.0,7.0,1.0,7.0,1.0,7.0,0.0,7.0,1.0,7.0,8.0
3831,3831,3831,3831,,3,799,7.0,0.0,7.0,0.0,7.0,0.0,7.0,0.0,7.0,0.0,7.0,0.0,7.0,7.0
3832,3832,3832,3832,,6,60,7.0,0.0,7.0,0.0,7.0,0.0,7.0,0.0,7.0,0.0,7.0,0.0,7.0,7.0
3833,3833,3833,3833,,0,730,6.0,0.0,6.0,0.0,6.0,0.0,6.0,0.0,6.0,0.0,6.0,0.0,6.0,7.0
3834,3834,3834,3834,,7,799,7.0,0.0,7.0,0.0,7.0,0.0,7.0,0.0,7.0,0.0,7.0,0.0,7.0,7.0
3835,3835,3835,3835,,17,60,6.0,1.0,6.0,1.0,6.0,1.0,6.0,2.0,6.0,1.0,6.0,2.0,6.0,6.0
3836,3836,3836,3836,,0,731,5.0,0.0,5.0,0.0,5.0,0.0,5.0,0.0,5.0,0.0,5.0,0.0,5.0,7.0
3837,3837,3837,3837,,3,716,6.0,0.0,6.0,0.0,6.0,0.0,6.0,0.0,6.0,0.0,6.0,0.0,6.0,6.0
3838,3838,3838,3838,,1,375,7.0,0.0,7.0,0.0,7.0,0.0,7.0,0.0,7.0,0.0,7.0,0.0,7.0,7.0
3839,3839,3839,3839,,1,375,8.0,0.0,8.0,0.0,8.0,0.0,8.0,0.0,8.0,0.0,8.0,0.0,8.0,8.0
3840,3840,3840,3840,,0,732,5.0,0.0,5.0,0.0,5.0,0.0,5.0,0.0,5.0,0.0,5.0,0.0,5.0,5.0
3841,3841,3841,3841,,11,217,8.0,1.0,8.0,9.0,8.0,3.0,8.0,3.0,8.0,1.0,8.0,2.0,8.0,8.0
3842,3842,3842,3842,,12,166,5.0,1.0,5.0,1.0,5.0,1.0,5.0,2.0,5.0,0.0,5.0,1.0,5.0,7.0
3843,3843,3843,3843,,1,733,4.0,0.0,4.0,0.0,4.0,0.0,4.0,0.0,4.0,0.0,4.0,0.0,4.0,4.0
3844,3844,3844,3844,,0,734,5.0,0.0,5.0,0.0,5.0,0.0,5.0,0.0,5.0,0.0,5.0,0.0,5.0,5.0
3845,3845,3845,3845,,0,735,7.0,0.0,7.0,0.0,7.0,0.0,7.0,0.0,7.0,0.0,7.0,0.0,7.0,7.0
3846,3846,3846,3846,,0,736,6.0,0.0,6.0,0.0,6.0,0.0,6.0,0.0,6.0,0.0,6.0,0.0,6.0,6.0
3847,3847,3847,3847,,0,737,7.0,0.0,7.0,0.0,7.0,0.0,7.0,0.0,7.0,0.0,7.0,0.0,7.0,7.0
3848,3848,3848,3848,,1,218,6.0,0.0,6.0,0.0,6.0,0.0,6.0,0.0,6.0,0.0,6.0,0.0,6.0,7.0
3849,3849,3849,3849,,0,738,3.0,0.0,3.0,0.0,3.0,0.0,3.0,0.0,3.0,0.0,3.0,0.0,3.0,3.0
3850,3850,3850,3850,,0,739,5.0,0.0,5.0,0.0,5.0,0.0,5.0,0.0,5.0,0.0,5.0,0.0,5.0,6.0
3851,3851,3851,3851,,0,740,2.0,0.0,2.0,0.0,2.0,0.0,2.0,0.0,2.0,0.0,2.0,0.0,2.0,5.0
3852,3852,3852,3852,,1,92,0.0,0.0,0.0,0.0,0.0,0.0,0.0,0.0,0.0,0.0,0.0,0.0,0.0,2.0
3853,3853,3853,3853,,0,741,5.0,0.0,5.0,0.0,5.0,0.0,5.0,0.0,5.0,0.0,5.0,0.0,5.0,5.0
3854,3854,3854,3854,,10,16,8.0,8.0,8.0,1.0,8.0,2.0,8.0,3.0,8.0,2.0,8.0,1.0,8.0,8.0
3855,3855,3855,3855,,1,853,0.0,0.0,0.0,0.0,0.0,0.0,0.0,0.0,0.0,0.0,0.0,0.0,0.0,1.0
3856,3856,3856,3856,,4,195,3.0,0.0,3.0,0.0,3.0,0.0,3.0,0.0,3.0,0.0,3.0,0.0,3.0,5.0
3857,3857,3857,3857,,0,742,5.0,0.0,5.0,0.0,5.0,0.0,5.0,0.0,5.0,0.0,5.0,0.0,5.0,7.0
3858,3858,3858,3858,,0,743,5.0,0.0,5.0,0.0,5.0,0.0,5.0,0.0,5.0,0.0,5.0,0.0,5.0,5.0
3859,3859,3859,3859,,0,744,4.0,0.0,4.0,0.0,4.0,0.0,4.0,0.0,4.0,0.0,4.0,0.0,4.0,4.0
3860,3860,3860,3860,,6,34,7.0,0.0,7.0,0.0,7.0,0.0,7.0,0.0,7.0,0.0,7.0,0.0,7.0,7.0
3861,3861,3861,3861,,0,745,7.0,0.0,7.0,0.0,7.0,0.0,7.0,0.0,7.0,0.0,7.0,0.0,7.0,7.0
3862,3862,3862,3862,,15,49,7.0,0.0,7.0,0.0,7.0,0.0,7.0,1.0,7.0,0.0,7.0,0.0,7.0,7.0
3863,3863,3863,3863,,0,746,6.0,0.0,6.0,0.0,6.0,0.0,6.0,0.0,6.0,0.0,6.0,0.0,6.0,6.0
3864,3864,3864,3864,,4,49,6.0,0.0,6.0,0.0,6.0,0.0,6.0,0.0,6.0,0.0,6.0,0.0,6.0,6.0
3865,3865,3865,3865,,17,388,8.0,1.0,8.0,1.0,8.0,1.0,8.0,1.0,8.0,1.0,8.0,1.0,8.0,8.0
3866,3866,3866,3866,,8,375,8.0,0.0,8.0,0.0,8.0,0.0,8.0,0.0,8.0,0.0,8.0,0.0,8.0,8.0
3867,3867,3867,3867,,0,747,7.0,0.0,7.0,0.0,7.0,0.0,7.0,0.0,7.0,0.0,7.0,0.0,7.0,7.0
3868,3868,3868,3868,,0,748,7.0,0.0,7.0,0.0,7.0,0.0,7.0,0.0,7.0,0.0,7.0,0.0,7.0,7.0
3869,3869,3869,3869,,1,749,6.0,0.0,6.0,0.0,6.0,0.0,6.0,0.0,6.0,0.0,6.0,0.0,6.0,7.0
3870,3870,3870,3870,,2,457,8.0,0.0,8.0,0.0,8.0,0.0,8.0,0.0,8.0,0.0,8.0,0.0,8.0,8.0
3871,3871,3871,3871,,3,272,7.0,0.0,7.0,0.0,7.0,0.0,7.0,0.0,7.0,0.0,7.0,0.0,7.0,7.0
3872,3872,3872,3872,,4,375,7.0,0.0,7.0,0.0,7.0,1.0,7.0,1.0,7.0,0.0,7.0,3.0,7.0,7.0
3873,3873,3873,3873,,9,217,6.0,0.0,6.0,1.0,6.0,1.0,6.0,9.0,7.0,0.0,7.0,1.0,7.0,7.0
3874,3874,3874,3874,,0,750,4.0,0.0,4.0,0.0,4.0,0.0,4.0,0.0,4.0,0.0,4.0,0.0,4.0,5.0
3875,3875,3875,3875,,0,751,8.0,0.0,8.0,0.0,8.0,0.0,8.0,0.0,8.0,0.0,8.0,0.0,8.0,8.0
3876,3876,3876,3876,,0,752,7.0,0.0,7.0,0.0,7.0,0.0,7.0,0.0,7.0,0.0,7.0,0.0,7.0,7.0
3877,3877,3877,3877,,5,49,8.0,0.0,8.0,0.0,8.0,0.0,8.0,0.0,8.0,0.0,8.0,0.0,8.0,8.0
3878,3878,3878,3878,,4,799,7.0,0.0,7.0,0.0,7.0,0.0,7.0,0.0,7.0,0.0,7.0,0.0,7.0,7.0
3879,3879,3879,3879,,13,42,7.0,1.0,7.0,1.0,7.0,1.0,7.0,1.0,7.0,0.0,7.0,1.0,7.0,7.0
3880,3880,3880,3880,,0,753,7.0,0.0,7.0,0.0,7.0,0.0,7.0,0.0,7.0,0.0,7.0,0.0,7.0,7.0
3881,3881,3881,3881,,5,375,7.0,0.0,7.0,0.0,7.0,0.0,7.0,1.0,7.0,0.0,7.0,0.0,7.0,7.0
3882,3882,3882,3882,,72,35,6.0,1.0,6.0,1.0,6.0,1.0,6.0,2.0,6.0,1.0,6.0,1.0,6.0,7.0
3883,3883,3883,3883,,5,387,7.0,0.0,7.0,0.0,7.0,0.0,7.0,0.0,7.0,0.0,7.0,0.0,7.0,7.0
3884,3884,3884,3884,,25,387,7.0,0.0,7.0,0.0,7.0,0.0,7.0,0.0,7.0,0.0,7.0,0.0,7.0,7.0
3885,3885,3885,3885,,2,375,6.0,0.0,6.0,0.0,6.0,0.0,6.0,0.0,6.0,0.0,6.0,0.0,6.0,6.0
3886,3886,3886,3886,,6,60,8.0,0.0,8.0,0.0,8.0,0.0,8.0,0.0,8.0,0.0,8.0,0.0,8.0,8.0
3887,3887,3887,3887,,6,49,8.0,0.0,8.0,0.0,8.0,0.0,8.0,0.0,8.0,0.0,8.0,0.0,8.0,8.0
3888,3888,3888,3888,,15,668,6.0,0.0,6.0,0.0,6.0,0.0,6.0,0.0,6.0,0.0,6.0,0.0,6.0,7.0
3889,3889,3889,3889,,7,388,6.0,1.0,6.0,0.0,6.0,0.0,6.0,1.0,6.0,1.0,6.0,0.0,6.0,6.0
3890,3890,3890,3890,,4,389,7.0,0.0,7.0,0.0,7.0,0.0,7.0,1.0,7.0,0.0,7.0,0.0,7.0,8.0
3891,3891,3891,3891,,5,883,7.0,0.0,7.0,0.0,7.0,0.0,7.0,0.0,7.0,0.0,7.0,0.0,7.0,7.0
3892,3892,3892,3892,,8,49,7.0,0.0,7.0,0.0,7.0,0.0,7.0,0.0,7.0,0.0,7.0,0.0,7.0,7.0
3893,3893,3893,3893,,32,42,6.0,1.0,6.0,7.0,7.0,1.0,7.0,2.0,7.0,1.0,7.0,1.0,7.0,6.0
3894,3894,3894,3894,,6,49,7.0,0.0,7.0,0.0,7.0,0.0,7.0,0.0,7.0,0.0,7.0,0.0,7.0,7.0
3895,3895,3895,3895,,3,388,6.0,0.0,6.0,0.0,6.0,0.0,6.0,0.0,6.0,0.0,6.0,0.0,6.0,6.0
3896,3896,3896,3896,,30,42,7.0,1.0,7.0,8.0,7.0,1.0,7.0,2.0,7.0,1.0,7.0,1.0,7.0,7.0
3897,3897,3897,3897,,6,42,5.0,0.0,5.0,1.0,5.0,0.0,5.0,1.0,5.0,0.0,5.0,0.0,5.0,5.0
3898,3898,3898,3898,,3,799,8.0,0.0,8.0,0.0,8.0,0.0,8.0,0.0,8.0,0.0,8.0,0.0,8.0,8.0
3899,3899,3899,3899,,5,372,6.0,0.0,6.0,0.0,6.0,0.0,6.0,0.0,6.0,0.0,6.0,0.0,6.0,7.0
3900,3900,3900,3900,,2,375,5.0,0.0,5.0,0.0,5.0,0.0,5.0,0.0,5.0,0.0,5.0,0.0,5.0,6.0
3901,3901,3901,3901,,0,754,6.0,0.0,6.0,0.0,6.0,0.0,6.0,0.0,6.0,0.0,6.0,0.0,6.0,7.0
3902,3902,3902,3902,,5,315,6.0,0.0,6.0,0.0,6.0,0.0,6.0,0.0,6.0,0.0,6.0,0.0,6.0,6.0
3903,3903,3903,3903,,3,799,8.0,0.0,8.0,0.0,8.0,0.0,8.0,0.0,8.0,0.0,8.0,0.0,8.0,8.0
3904,3904,3904,3904,,0,755,5.0,0.0,5.0,0.0,5.0,0.0,5.0,0.0,5.0,0.0,5.0,0.0,5.0,5.0
3905,3905,3905,3905,,53,60,7.0,1.0,7.0,1.0,7.0,1.0,7.0,2.0,7.0,1.0,7.0,2.0,7.0,7.0
3906,3906,3906,3906,,3,799,8.0,0.0,8.0,0.0,8.0,0.0,8.0,0.0,8.0,0.0,8.0,0.0,8.0,8.0
3907,3907,3907,3907,,5,315,4.0,0.0,4.0,0.0,4.0,0.0,4.0,0.0,4.0,0.0,4.0,0.0,4.0,4.0
3908,3908,3908,3908,,9,799,6.0,0.0,6.0,0.0,6.0,0.0,6.0,0.0,6.0,0.0,6.0,0.0,6.0,7.0
3909,3909,3909,3909,,3,92,6.0,1.0,6.0,0.0,6.0,0.0,6.0,1.0,6.0,2.0,6.0,0.0,6.0,7.0
3910,3910,3910,3910,,0,756,7.0,0.0,7.0,0.0,7.0,0.0,7.0,0.0,7.0,0.0,7.0,0.0,7.0,7.0
3911,3911,3911,3911,,1,764,7.0,0.0,7.0,0.0,7.0,0.0,7.0,0.0,7.0,0.0,7.0,0.0,7.0,7.0
3912,3912,3912,3912,,0,757,5.0,0.0,5.0,0.0,5.0,0.0,5.0,0.0,5.0,0.0,5.0,0.0,5.0,7.0
3913,3913,3913,3913,,3,799,7.0,0.0,7.0,0.0,7.0,0.0,7.0,0.0,7.0,0.0,7.0,0.0,7.0,7.0
3914,3914,3914,3914,,1,758,8.0,0.0,8.0,0.0,8.0,0.0,8.0,0.0,8.0,0.0,8.0,0.0,8.0,8.0
3915,3915,3915,3915,,0,759,5.0,0.0,5.0,0.0,5.0,0.0,5.0,0.0,5.0,0.0,5.0,0.0,5.0,5.0
3916,3916,3916,3916,,0,760,7.0,0.0,7.0,0.0,7.0,0.0,7.0,0.0,7.0,0.0,7.0,0.0,7.0,7.0
3917,3917,3917,3917,,0,761,4.0,0.0,4.0,0.0,4.0,0.0,4.0,0.0,4.0,0.0,4.0,0.0,4.0,4.0
3918,3918,3918,3918,,20,49,7.0,0.0,7.0,0.0,7.0,0.0,7.0,1.0,7.0,0.0,7.0,1.0,7.0,7.0
3919,3919,3919,3919,,0,762,4.0,0.0,4.0,0.0,4.0,0.0,4.0,0.0,4.0,0.0,4.0,0.0,4.0,4.0
3920,3920,3920,3920,,1,763,6.0,0.0,6.0,0.0,6.0,0.0,6.0,0.0,6.0,0.0,6.0,0.0,6.0,7.0
3921,3921,3921,3921,,1,764,5.0,0.0,5.0,0.0,5.0,0.0,5.0,0.0,5.0,0.0,5.0,0.0,5.0,5.0
3922,3922,3922,3922,,1,839,6.0,0.0,6.0,0.0,6.0,0.0,6.0,0.0,6.0,0.0,6.0,0.0,6.0,6.0
3923,3923,3923,3923,,1,49,7.0,0.0,7.0,0.0,7.0,0.0,7.0,0.0,7.0,0.0,7.0,0.0,7.0,7.0
3924,3924,3924,3924,,0,765,7.0,0.0,7.0,0.0,7.0,0.0,7.0,0.0,7.0,0.0,7.0,0.0,7.0,7.0
3925,3925,3925,3925,,0,766,3.0,0.0,3.0,0.0,3.0,0.0,3.0,0.0,3.0,0.0,3.0,0.0,3.0,4.0
3926,3926,3926,3926,,2,218,6.0,0.0,6.0,0.0,6.0,0.0,6.0,0.0,6.0,0.0,6.0,0.0,6.0,6.0
3927,3927,3927,3927,,3,389,6.0,0.0,6.0,0.0,6.0,0.0,6.0,0.0,6.0,0.0,6.0,0.0,6.0,6.0
3928,3928,3928,3928,,1,60,7.0,0.0,7.0,0.0,7.0,0.0,7.0,0.0,7.0,0.0,7.0,0.0,7.0,7.0
3929,3929,3929,3929,,0,767,5.0,0.0,5.0,0.0,5.0,0.0,5.0,0.0,5.0,0.0,5.0,0.0,5.0,6.0
3930,3930,3930,3930,,1,270,5.0,0.0,5.0,0.0,5.0,0.0,5.0,0.0,5.0,0.0,5.0,0.0,5.0,6.0
3931,3931,3931,3931,,19,799,8.0,1.0,8.0,0.0,8.0,1.0,8.0,1.0,8.0,0.0,8.0,1.0,8.0,8.0
3932,3932,3932,3932,,1,858,6.0,0.0,6.0,0.0,6.0,0.0,6.0,0.0,6.0,0.0,6.0,0.0,6.0,7.0
3933,3933,3933,3933,,1,768,6.0,0.0,6.0,0.0,6.0,0.0,6.0,0.0,6.0,0.0,6.0,0.0,6.0,6.0
3934,3934,3934,3934,,2,218,7.0,0.0,7.0,0.0,7.0,0.0,7.0,0.0,7.0,0.0,7.0,0.0,7.0,7.0
3935,3935,3935,3935,,4,60,7.0,0.0,7.0,0.0,7.0,0.0,7.0,0.0,7.0,0.0,7.0,0.0,7.0,7.0
3936,3936,3936,3936,,4,166,7.0,0.0,7.0,0.0,7.0,0.0,7.0,1.0,7.0,0.0,7.0,1.0,7.0,7.0
3937,3937,3937,3937,,2,769,7.0,0.0,7.0,0.0,7.0,0.0,7.0,0.0,7.0,0.0,7.0,0.0,7.0,8.0
3938,3938,3938,3938,,1,770,6.0,0.0,6.0,0.0,6.0,0.0,6.0,0.0,6.0,0.0,6.0,0.0,6.0,6.0
3939,3939,3939,3939,,13,35,5.0,1.0,5.0,0.0,5.0,1.0,5.0,1.0,5.0,0.0,5.0,0.0,5.0,5.0
3940,3940,3940,3940,,2,375,8.0,0.0,8.0,0.0,8.0,0.0,8.0,0.0,8.0,0.0,8.0,0.0,8.0,8.0
3941,3941,3941,3941,,0,771,7.0,0.0,7.0,0.0,7.0,0.0,7.0,0.0,7.0,0.0,7.0,0.0,7.0,7.0
3942,3942,3942,3942,,1,35,6.0,0.0,6.0,0.0,6.0,0.0,6.0,0.0,6.0,0.0,6.0,0.0,6.0,7.0
3943,3943,3943,3943,,0,772,5.0,0.0,5.0,0.0,5.0,0.0,5.0,0.0,5.0,0.0,5.0,0.0,5.0,7.0
3944,3944,3944,3944,,61,217,7.0,1.0,7.0,2.0,7.0,2.0,7.0,3.0,7.0,1.0,7.0,2.0,7.0,7.0
3945,3945,3945,3945,,1,464,6.0,0.0,6.0,0.0,6.0,0.0,6.0,0.0,6.0,0.0,6.0,0.0,6.0,6.0
3946,3946,3946,3946,,14,49,7.0,1.0,7.0,0.0,7.0,1.0,7.0,1.0,7.0,0.0,7.0,1.0,7.0,7.0
3947,3947,3947,3947,,1,773,6.0,0.0,6.0,0.0,6.0,0.0,6.0,0.0,6.0,0.0,6.0,0.0,6.0,6.0
3948,3948,3948,3948,,1,774,4.0,0.0,4.0,0.0,4.0,0.0,4.0,0.0,4.0,0.0,4.0,0.0,4.0,5.0
3949,3949,3949,3949,,2,218,5.0,0.0,5.0,0.0,5.0,0.0,5.0,1.0,5.0,0.0,5.0,1.0,5.0,6.0
3950,3950,3950,3950,,0,775,4.0,0.0,4.0,0.0,4.0,0.0,4.0,0.0,4.0,0.0,4.0,0.0,4.0,4.0
3951,3951,3951,3951,,0,776,5.0,0.0,5.0,0.0,5.0,0.0,5.0,0.0,5.0,0.0,5.0,0.0,5.0,6.0
3952,3952,3952,3952,,1,777,7.0,0.0,7.0,0.0,7.0,0.0,7.0,0.0,7.0,0.0,7.0,0.0,7.0,7.0
3953,3953,3953,3953,,0,778,6.0,0.0,6.0,0.0,6.0,0.0,6.0,0.0,6.0,0.0,6.0,0.0,6.0,7.0
3954,3954,3954,3954,,0,779,4.0,0.0,4.0,0.0,4.0,0.0,4.0,0.0,4.0,0.0,4.0,0.0,4.0,4.0
3955,3955,3955,3955,,1,16,6.0,0.0,6.0,0.0,6.0,0.0,6.0,4.0,6.0,0.0,6.0,0.0,6.0,6.0
3956,3956,3956,3956,,0,780,6.0,0.0,6.0,0.0,6.0,0.0,6.0,0.0,6.0,0.0,6.0,0.0,6.0,6.0
3957,3957,3957,3957,,0,781,6.0,0.0,6.0,0.0,6.0,0.0,6.0,0.0,6.0,0.0,6.0,0.0,6.0,6.0
3958,3958,3958,3958,,59,35,5.0,1.0,5.0,1.0,5.0,1.0,5.0,2.0,5.0,1.0,5.0,1.0,5.0,5.0
3959,3959,3959,3959,,0,782,3.0,0.0,3.0,0.0,3.0,0.0,3.0,0.0,3.0,0.0,3.0,0.0,3.0,3.0
3960,3960,3960,3960,,0,783,0.0,0.0,0.0,0.0,0.0,0.0,0.0,0.0,0.0,0.0,0.0,0.0,0.0,1.0
3961,3961,3961,3961,,0,784,5.0,0.0,5.0,0.0,5.0,0.0,5.0,0.0,5.0,0.0,5.0,0.0,5.0,6.0
3962,3962,3962,3962,,0,785,5.0,0.0,5.0,0.0,5.0,0.0,5.0,0.0,5.0,0.0,5.0,0.0,5.0,7.0
3963,3963,3963,3963,,4,345,5.0,0.0,5.0,0.0,5.0,0.0,5.0,1.0,5.0,0.0,5.0,0.0,5.0,6.0
3964,3964,3964,3964,,1,964,3.0,0.0,3.0,0.0,3.0,0.0,3.0,0.0,3.0,0.0,3.0,0.0,3.0,3.0
3965,3965,3965,3965,,0,786,6.0,0.0,6.0,0.0,6.0,0.0,6.0,0.0,6.0,0.0,6.0,0.0,6.0,6.0
3966,3966,3966,3966,,2,218,7.0,0.0,7.0,0.0,7.0,0.0,7.0,0.0,7.0,0.0,7.0,0.0,7.0,8.0
3967,3967,3967,3967,,0,787,0.0,0.0,0.0,0.0,0.0,0.0,0.0,0.0,0.0,0.0,0.0,0.0,0.0,1.0
3968,3968,3968,3968,,1,966,5.0,0.0,5.0,0.0,5.0,0.0,5.0,0.0,5.0,0.0,5.0,0.0,5.0,5.0
3969,3969,3969,3969,,0,788,5.0,0.0,5.0,0.0,5.0,0.0,5.0,0.0,5.0,0.0,5.0,0.0,5.0,5.0
3970,3970,3970,3970,,0,789,3.0,0.0,3.0,0.0,3.0,0.0,3.0,0.0,3.0,0.0,3.0,0.0,3.0,4.0
3971,3971,3971,3971,,0,790,6.0,0.0,6.0,0.0,6.0,0.0,6.0,0.0,6.0,0.0,6.0,0.0,6.0,6.0
3972,3972,3972,3972,,0,791,6.0,0.0,6.0,0.0,6.0,0.0,6.0,0.0,6.0,0.0,6.0,0.0,6.0,7.0
3973,3973,3973,3973,,1,49,6.0,0.0,6.0,0.0,6.0,0.0,6.0,0.0,6.0,0.0,6.0,0.0,6.0,7.0
3974,3974,3974,3974,,10,375,8.0,0.0,8.0,0.0,8.0,0.0,8.0,0.0,8.0,0.0,8.0,0.0,8.0,8.0
3975,3975,3975,3975,,5,60,7.0,0.0,7.0,0.0,7.0,0.0,7.0,0.0,7.0,0.0,7.0,0.0,7.0,7.0
3976,3976,3976,3976,,0,792,5.0,0.0,5.0,0.0,5.0,0.0,5.0,0.0,5.0,0.0,5.0,0.0,5.0,5.0
3977,3977,3977,3977,,0,793,7.0,0.0,7.0,0.0,7.0,0.0,7.0,0.0,7.0,0.0,7.0,0.0,7.0,7.0
3978,3978,3978,3978,,4,142,4.0,0.0,4.0,0.0,4.0,0.0,4.0,0.0,4.0,0.0,4.0,0.0,4.0,5.0
3979,3979,3979,3979,,8,42,7.0,0.0,7.0,0.0,7.0,0.0,7.0,0.0,7.0,0.0,7.0,0.0,7.0,7.0
3980,3980,3980,3980,,4,388,7.0,0.0,7.0,0.0,7.0,0.0,7.0,0.0,7.0,0.0,7.0,0.0,7.0,7.0
3981,3981,3981,3981,,0,794,6.0,0.0,6.0,0.0,6.0,0.0,6.0,0.0,6.0,0.0,6.0,0.0,6.0,6.0
3982,3982,3982,3982,,0,795,4.0,0.0,4.0,0.0,4.0,0.0,4.0,0.0,4.0,0.0,4.0,0.0,4.0,5.0
3983,3983,3983,3983,,2,166,7.0,0.0,7.0,0.0,7.0,0.0,7.0,0.0,7.0,0.0,7.0,0.0,7.0,7.0
3984,3984,3984,3984,,3,799,8.0,0.0,8.0,0.0,8.0,0.0,8.0,0.0,8.0,0.0,8.0,0.0,8.0,8.0
3985,3985,3985,3985,,6,315,5.0,0.0,5.0,0.0,5.0,0.0,5.0,0.0,5.0,0.0,5.0,0.0,5.0,5.0
3986,3986,3986,3986,,1,799,7.0,0.0,7.0,0.0,7.0,0.0,7.0,0.0,7.0,0.0,7.0,0.0,7.0,8.0
3987,3987,3987,3987,,6,34,8.0,0.0,8.0,0.0,8.0,0.0,8.0,0.0,8.0,0.0,8.0,0.0,8.0,8.0
3988,3988,3988,3988,,3,799,5.0,0.0,5.0,0.0,5.0,0.0,5.0,0.0,5.0,0.0,5.0,0.0,5.0,5.0
3989,3989,3989,3989,,0,796,8.0,0.0,8.0,0.0,8.0,0.0,8.0,0.0,8.0,0.0,8.0,0.0,8.0,8.0
3990,3990,3990,3990,,10,49,7.0,0.0,7.0,0.0,7.0,0.0,7.0,1.0,7.0,0.0,7.0,0.0,7.0,7.0
3991,3991,3991,3991,,19,387,7.0,0.0,7.0,0.0,7.0,0.0,7.0,0.0,7.0,0.0,7.0,0.0,7.0,8.0
3992,3992,3992,3992,,0,797,10.0,0.0,10.0,0.0,10.0,0.0,10.0,0.0,10.0,0.0,10.0,0.0,10.0,10.0
3993,3993,3993,3993,,0,798,5.0,0.0,5.0,0.0,5.0,0.0,5.0,0.0,5.0,0.0,5.0,0.0,5.0,6.0
3994,3994,3994,3994,,4,799,6.0,0.0,6.0,0.0,6.0,0.0,6.0,0.0,6.0,0.0,6.0,0.0,6.0,7.0
3995,3995,3995,3995,,0,800,7.0,0.0,7.0,0.0,7.0,0.0,7.0,0.0,7.0,0.0,7.0,0.0,7.0,7.0
3996,3996,3996,3996,,3,799,6.0,0.0,6.0,0.0,6.0,0.0,6.0,0.0,6.0,0.0,6.0,0.0,6.0,6.0
3997,3997,3997,3997,,6,34,7.0,0.0,7.0,0.0,7.0,0.0,7.0,0.0,7.0,0.0,7.0,0.0,7.0,7.0
3998,3998,3998,3998,,1,801,6.0,0.0,6.0,0.0,6.0,0.0,6.0,0.0,6.0,0.0,6.0,0.0,6.0,6.0
3999,3999,3999,3999,,1,375,7.0,0.0,7.0,0.0,7.0,0.0,7.0,0.0,7.0,0.0,7.0,0.0,7.0,7.0
4000,4000,4000,4000,,6,49,7.0,0.0,7.0,0.0,7.0,0.0,7.0,0.0,7.0,0.0,7.0,0.0,7.0,7.0
4001,4001,4001,4001,,0,802,5.0,0.0,5.0,0.0,5.0,0.0,5.0,0.0,5.0,0.0,5.0,0.0,5.0,6.0
4002,4002,4002,4002,,1,803,8.0,0.0,8.0,0.0,8.0,0.0,8.0,0.0,8.0,0.0,8.0,0.0,8.0,8.0
4003,4003,4003,4003,,0,804,7.0,0.0,7.0,0.0,7.0,0.0,7.0,0.0,7.0,0.0,7.0,0.0,7.0,7.0
4004,4004,4004,4004,,1,805,7.0,0.0,7.0,0.0,7.0,0.0,7.0,0.0,7.0,0.0,7.0,0.0,7.0,8.0
4005,4005,4005,4005,,1,217,5.0,0.0,5.0,0.0,5.0,0.0,5.0,0.0,5.0,0.0,5.0,0.0,5.0,5.0
4006,4006,4006,4006,,0,806,8.0,0.0,8.0,0.0,8.0,0.0,8.0,0.0,8.0,0.0,8.0,0.0,8.0,8.0
4007,4007,4007,4007,,0,807,7.0,0.0,7.0,0.0,7.0,0.0,7.0,0.0,7.0,0.0,7.0,0.0,7.0,7.0
4008,4008,4008,4008,,2,691,5.0,0.0,5.0,0.0,5.0,0.0,5.0,0.0,5.0,0.0,5.0,0.0,5.0,6.0
4009,4009,4009,4009,,0,808,5.0,0.0,5.0,0.0,5.0,0.0,5.0,0.0,5.0,0.0,5.0,0.0,5.0,5.0
4010,4010,4010,4010,,36,35,7.0,1.0,7.0,1.0,7.0,1.0,7.0,2.0,7.0,1.0,7.0,1.0,7.0,7.0
4011,4011,4011,4011,,13,799,5.0,0.0,5.0,0.0,5.0,0.0,5.0,0.0,5.0,0.0,5.0,0.0,5.0,5.0
4012,4012,4012,4012,,45,272,6.0,1.0,6.0,1.0,6.0,1.0,6.0,1.0,6.0,0.0,6.0,1.0,6.0,7.0
4013,4013,4013,4013,,16,387,8.0,0.0,8.0,0.0,8.0,0.0,8.0,1.0,8.0,0.0,8.0,0.0,8.0,8.0
4014,4014,4014,4014,,2,42,7.0,0.0,7.0,0.0,7.0,0.0,7.0,1.0,7.0,0.0,7.0,0.0,7.0,7.0
4015,4015,4015,4015,,10,217,7.0,1.0,7.0,1.0,7.0,2.0,7.0,1.0,7.0,0.0,7.0,1.0,7.0,7.0
4016,4016,4016,4016,,8,35,7.0,1.0,7.0,0.0,7.0,1.0,7.0,1.0,7.0,0.0,7.0,1.0,7.0,7.0
4017,4017,4017,4017,,10,49,8.0,0.0,8.0,0.0,8.0,0.0,8.0,0.0,8.0,0.0,8.0,0.0,8.0,8.0
4018,4018,4018,4018,,0,809,7.0,0.0,7.0,0.0,7.0,0.0,7.0,0.0,7.0,0.0,7.0,0.0,7.0,7.0
4019,4019,4019,4019,,0,810,7.0,0.0,7.0,0.0,7.0,0.0,7.0,0.0,7.0,0.0,7.0,0.0,7.0,7.0
4020,4020,4020,4020,,4,35,7.0,0.0,7.0,0.0,7.0,0.0,7.0,0.0,7.0,0.0,7.0,0.0,7.0,7.0
4021,4021,4021,4021,,0,811,5.0,0.0,5.0,0.0,5.0,0.0,5.0,0.0,5.0,0.0,5.0,0.0,5.0,5.0
4022,4022,4022,4022,,1,812,7.0,0.0,7.0,0.0,7.0,0.0,7.0,0.0,7.0,0.0,7.0,0.0,7.0,7.0
4023,4023,4023,4023,,3,375,7.0,0.0,7.0,0.0,7.0,0.0,7.0,0.0,7.0,0.0,7.0,0.0,7.0,7.0
4024,4024,4024,4024,,5,35,7.0,0.0,7.0,0.0,7.0,0.0,7.0,1.0,7.0,0.0,7.0,0.0,7.0,7.0
4025,4025,4025,4025,,1,813,7.0,0.0,7.0,0.0,7.0,0.0,7.0,0.0,7.0,0.0,7.0,0.0,7.0,7.0
4026,4026,4026,4026,,0,814,7.0,0.0,7.0,0.0,7.0,0.0,7.0,0.0,7.0,0.0,7.0,0.0,7.0,7.0
4027,4027,4027,4027,,0,815,7.0,0.0,7.0,0.0,7.0,0.0,7.0,0.0,7.0,0.0,7.0,0.0,7.0,7.0
4028,4028,4028,4028,,0,816,7.0,0.0,7.0,0.0,7.0,0.0,7.0,0.0,7.0,0.0,7.0,0.0,7.0,7.0
4029,4029,4029,4029,,0,817,6.0,0.0,6.0,0.0,6.0,0.0,6.0,0.0,6.0,0.0,6.0,0.0,6.0,6.0
4030,4030,4030,4030,,2,142,6.0,0.0,6.0,0.0,6.0,0.0,6.0,0.0,6.0,0.0,6.0,0.0,6.0,6.0
4031,4031,4031,4031,,2,153,6.0,0.0,6.0,0.0,6.0,0.0,6.0,0.0,6.0,0.0,6.0,0.0,6.0,6.0
4032,4032,4032,4032,,0,818,6.0,0.0,6.0,0.0,6.0,0.0,6.0,0.0,6.0,0.0,6.0,0.0,6.0,6.0
4033,4033,4033,4033,,8,16,7.0,2.0,7.0,2.0,7.0,3.0,7.0,4.0,7.0,1.0,7.0,3.0,7.0,7.0
4034,4034,4034,4034,,0,819,5.0,0.0,5.0,0.0,5.0,0.0,5.0,0.0,5.0,0.0,5.0,0.0,5.0,5.0
4035,4035,4035,4035,,2,16,5.0,0.0,5.0,0.0,5.0,0.0,5.0,0.0,5.0,0.0,5.0,0.0,5.0,5.0
4036,4036,4036,4036,,0,820,5.0,0.0,5.0,0.0,5.0,0.0,5.0,0.0,5.0,0.0,5.0,0.0,5.0,5.0
4037,4037,4037,4037,,15,668,7.0,0.0,7.0,0.0,7.0,0.0,7.0,0.0,7.0,0.0,7.0,0.0,7.0,7.0
4038,4038,4038,4038,,0,821,5.0,0.0,5.0,0.0,5.0,0.0,5.0,0.0,5.0,0.0,5.0,0.0,5.0,5.0
4039,4039,4039,4039,,5,166,6.0,0.0,6.0,0.0,6.0,0.0,6.0,1.0,6.0,0.0,6.0,0.0,6.0,7.0
4040,4040,4040,4040,,0,822,5.0,0.0,5.0,0.0,5.0,0.0,5.0,0.0,5.0,0.0,5.0,0.0,5.0,5.0
4041,4041,4041,4041,,24,375,7.0,1.0,7.0,0.0,7.0,1.0,7.0,1.0,7.0,0.0,7.0,1.0,7.0,7.0
4042,4042,4042,4042,,0,823,3.0,0.0,3.0,0.0,3.0,0.0,3.0,0.0,3.0,0.0,3.0,0.0,3.0,5.0
4043,4043,4043,4043,,2,826,7.0,0.0,7.0,0.0,7.0,0.0,7.0,0.0,7.0,0.0,7.0,0.0,7.0,7.0
4044,4044,4044,4044,,0,824,5.0,0.0,5.0,0.0,5.0,0.0,5.0,0.0,5.0,0.0,5.0,0.0,5.0,5.0
4045,4045,4045,4045,,1,825,10.0,0.0,10.0,0.0,10.0,0.0,10.0,0.0,10.0,0.0,10.0,0.0,10.0,10.0
4046,4046,4046,4046,,2,826,7.0,0.0,7.0,0.0,7.0,0.0,7.0,0.0,7.0,0.0,7.0,0.0,7.0,7.0
4047,4047,4047,4047,,1,827,5.0,0.0,5.0,0.0,5.0,0.0,5.0,0.0,5.0,0.0,5.0,0.0,5.0,5.0
4048,4048,4048,4048,,1,92,6.0,0.0,6.0,0.0,6.0,0.0,6.0,0.0,6.0,0.0,6.0,0.0,6.0,6.0
4049,4049,4049,4049,,22,42,7.0,1.0,7.0,1.0,7.0,1.0,7.0,2.0,7.0,0.0,7.0,1.0,7.0,7.0
4050,4050,4050,4050,,4,34,7.0,0.0,7.0,0.0,7.0,0.0,7.0,0.0,7.0,0.0,7.0,0.0,7.0,7.0
4051,4051,4051,4051,,0,828,0.0,0.0,0.0,0.0,0.0,0.0,0.0,0.0,0.0,0.0,0.0,0.0,0.0,0.0
4052,4052,4052,4052,,3,125,6.0,0.0,6.0,0.0,6.0,0.0,6.0,0.0,6.0,0.0,6.0,0.0,6.0,6.0
4053,4053,4053,4053,,1,829,5.0,0.0,5.0,0.0,5.0,0.0,5.0,0.0,5.0,0.0,5.0,0.0,5.0,5.0
4054,4054,4054,4054,,2,464,6.0,0.0,6.0,0.0,6.0,0.0,6.0,0.0,6.0,0.0,6.0,0.0,6.0,6.0
4055,4055,4055,4055,,1,830,7.0,0.0,7.0,0.0,7.0,0.0,7.0,0.0,7.0,0.0,7.0,0.0,7.0,7.0
4056,4056,4056,4056,,0,831,6.0,0.0,6.0,0.0,6.0,0.0,6.0,0.0,6.0,0.0,6.0,0.0,6.0,6.0
4057,4057,4057,4057,,1,799,6.0,0.0,6.0,0.0,6.0,0.0,6.0,0.0,6.0,0.0,6.0,0.0,6.0,6.0
4058,4058,4058,4058,,0,832,6.0,0.0,6.0,0.0,6.0,0.0,6.0,0.0,6.0,0.0,6.0,0.0,6.0,6.0
4059,4059,4059,4059,,0,833,4.0,0.0,4.0,0.0,4.0,0.0,4.0,0.0,4.0,0.0,4.0,0.0,4.0,4.0
4060,4060,4060,4060,,0,834,5.0,0.0,5.0,0.0,5.0,0.0,5.0,0.0,5.0,0.0,5.0,0.0,5.0,6.0
4061,4061,4061,4061,,2,954,6.0,0.0,6.0,0.0,6.0,0.0,6.0,0.0,6.0,0.0,6.0,0.0,6.0,7.0
4062,4062,4062,4062,,0,835,8.0,0.0,8.0,0.0,8.0,0.0,8.0,0.0,8.0,0.0,8.0,0.0,8.0,8.0
4063,4063,4063,4063,,0,836,7.0,0.0,7.0,0.0,7.0,0.0,7.0,0.0,7.0,0.0,7.0,0.0,7.0,7.0
4064,4064,4064,4064,,0,837,7.0,0.0,7.0,0.0,7.0,0.0,7.0,0.0,7.0,0.0,7.0,0.0,7.0,7.0
4065,4065,4065,4065,,0,838,0.0,0.0,0.0,0.0,0.0,0.0,0.0,0.0,0.0,0.0,0.0,0.0,0.0,0.0
4066,4066,4066,4066,,5,35,7.0,0.0,7.0,0.0,7.0,0.0,7.0,0.0,7.0,0.0,7.0,0.0,7.0,7.0
4067,4067,4067,4067,,1,839,5.0,0.0,5.0,0.0,5.0,0.0,5.0,0.0,5.0,0.0,5.0,0.0,5.0,5.0
4068,4068,4068,4068,,0,840,0.0,0.0,0.0,0.0,0.0,0.0,0.0,0.0,0.0,0.0,0.0,0.0,0.0,0.0
4069,4069,4069,4069,,0,841,5.0,0.0,5.0,0.0,5.0,0.0,5.0,0.0,5.0,0.0,5.0,0.0,5.0,5.0
4070,4070,4070,4070,,0,842,4.0,0.0,4.0,0.0,4.0,0.0,4.0,0.0,4.0,0.0,4.0,0.0,4.0,6.0
4071,4071,4071,4071,,25,387,7.0,0.0,7.0,0.0,7.0,0.0,7.0,0.0,7.0,0.0,7.0,0.0,7.0,8.0
4072,4072,4072,4072,,2,843,5.0,0.0,5.0,0.0,5.0,0.0,5.0,0.0,5.0,0.0,5.0,0.0,5.0,5.0
4073,4073,4073,4073,,21,387,7.0,0.0,7.0,0.0,7.0,0.0,7.0,0.0,7.0,0.0,7.0,0.0,7.0,7.0
4074,4074,4074,4074,,0,844,7.0,0.0,7.0,0.0,7.0,0.0,7.0,0.0,7.0,0.0,7.0,0.0,7.0,7.0
4075,4075,4075,4075,,21,387,7.0,0.0,7.0,0.0,7.0,0.0,7.0,0.0,7.0,0.0,7.0,0.0,7.0,7.0
4076,4076,4076,4076,,15,387,8.0,0.0,8.0,0.0,8.0,0.0,8.0,1.0,8.0,0.0,8.0,0.0,8.0,8.0
4077,4077,4077,4077,,8,16,7.0,1.0,7.0,1.0,7.0,1.0,7.0,3.0,7.0,0.0,7.0,1.0,7.0,8.0
4078,4078,4078,4078,,0,845,7.0,0.0,7.0,0.0,7.0,0.0,7.0,0.0,7.0,0.0,7.0,0.0,7.0,8.0
4079,4079,4079,4079,,18,49,7.0,1.0,7.0,0.0,7.0,0.0,7.0,1.0,7.0,0.0,7.0,0.0,7.0,7.0
4080,4080,4080,4080,,1,142,5.0,0.0,5.0,0.0,5.0,0.0,5.0,0.0,5.0,0.0,5.0,0.0,5.0,6.0
4081,4081,4081,4081,,9,360,8.0,1.0,8.0,0.0,8.0,1.0,8.0,1.0,8.0,2.0,8.0,1.0,8.0,8.0
4082,4082,4082,4082,,3,1239,7.0,0.0,7.0,0.0,7.0,0.0,7.0,0.0,7.0,0.0,7.0,0.0,7.0,7.0
4083,4083,4083,4083,,1,218,8.0,0.0,8.0,0.0,8.0,0.0,8.0,0.0,8.0,0.0,8.0,0.0,8.0,8.0
4084,4084,4084,4084,,2,60,7.0,0.0,7.0,0.0,7.0,0.0,7.0,0.0,7.0,0.0,7.0,0.0,7.0,7.0
4085,4085,4085,4085,,1,375,7.0,0.0,7.0,0.0,7.0,0.0,7.0,0.0,7.0,0.0,7.0,0.0,7.0,8.0
4086,4086,4086,4086,,0,846,7.0,0.0,7.0,0.0,7.0,0.0,7.0,0.0,7.0,0.0,7.0,0.0,7.0,7.0
4087,4087,4087,4087,,1,272,7.0,1.0,7.0,0.0,7.0,0.0,7.0,0.0,7.0,0.0,7.0,0.0,7.0,7.0
4088,4088,4088,4088,,16,49,8.0,0.0,8.0,0.0,8.0,0.0,8.0,1.0,8.0,0.0,8.0,0.0,8.0,8.0
4089,4089,4089,4089,,10,387,8.0,0.0,8.0,0.0,8.0,0.0,8.0,1.0,8.0,0.0,8.0,0.0,8.0,8.0
4090,4090,4090,4090,,51,218,7.0,1.0,7.0,1.0,7.0,1.0,7.0,2.0,7.0,1.0,7.0,1.0,7.0,7.0
4091,4091,4091,4091,,7,799,7.0,0.0,7.0,0.0,7.0,0.0,7.0,0.0,7.0,0.0,7.0,0.0,7.0,7.0
4092,4092,4092,4092,,0,847,7.0,0.0,7.0,0.0,7.0,0.0,7.0,0.0,7.0,0.0,7.0,0.0,7.0,7.0
4093,4093,4093,4093,,12,375,8.0,1.0,8.0,0.0,8.0,0.0,8.0,1.0,8.0,0.0,8.0,0.0,8.0,8.0
4094,4094,4094,4094,,0,848,5.0,0.0,5.0,0.0,5.0,0.0,5.0,0.0,5.0,0.0,5.0,0.0,5.0,5.0
4095,4095,4095,4095,,26,218,7.0,1.0,7.0,1.0,7.0,1.0,7.0,1.0,7.0,0.0,7.0,1.0,7.0,7.0
4096,4096,4096,4096,,10,375,8.0,1.0,8.0,0.0,8.0,0.0,8.0,1.0,8.0,0.0,8.0,0.0,8.0,8.0
4097,4097,4097,4097,,0,849,6.0,0.0,6.0,0.0,6.0,0.0,6.0,0.0,6.0,0.0,6.0,0.0,6.0,7.0
4098,4098,4098,4098,,5,35,7.0,1.0,7.0,1.0,7.0,1.0,7.0,2.0,7.0,0.0,7.0,1.0,7.0,7.0
4099,4099,4099,4099,,31,142,6.0,1.0,6.0,1.0,6.0,1.0,6.0,1.0,6.0,1.0,6.0,1.0,6.0,7.0
4100,4100,4100,4100,,10,166,6.0,2.0,6.0,0.0,6.0,1.0,6.0,1.0,6.0,0.0,6.0,1.0,6.0,6.0
4101,4101,4101,4101,,10,49,5.0,1.0,5.0,0.0,5.0,1.0,5.0,1.0,5.0,1.0,5.0,1.0,5.0,5.0
4102,4102,4102,4102,,0,850,6.0,0.0,6.0,0.0,6.0,0.0,6.0,0.0,6.0,0.0,6.0,0.0,6.0,6.0
4103,4103,4103,4103,,1,851,6.0,0.0,6.0,0.0,6.0,0.0,6.0,0.0,6.0,0.0,6.0,0.0,6.0,6.0
4104,4104,4104,4104,,3,35,8.0,0.0,8.0,0.0,8.0,0.0,8.0,0.0,8.0,0.0,8.0,0.0,8.0,8.0
4105,4105,4105,4105,,0,852,5.0,0.0,5.0,0.0,5.0,0.0,5.0,0.0,5.0,0.0,5.0,0.0,5.0,5.0
4106,4106,4106,4106,,1,853,7.0,0.0,7.0,0.0,7.0,0.0,7.0,0.0,7.0,0.0,7.0,0.0,7.0,7.0
4107,4107,4107,4107,,1,854,7.0,0.0,7.0,0.0,7.0,0.0,7.0,0.0,7.0,0.0,7.0,0.0,7.0,7.0
4108,4108,4108,4108,,0,855,8.0,0.0,8.0,0.0,8.0,0.0,8.0,0.0,8.0,0.0,8.0,0.0,8.0,8.0
4109,4109,4109,4109,,1,856,7.0,0.0,7.0,0.0,7.0,0.0,7.0,0.0,7.0,0.0,7.0,0.0,7.0,7.0
4110,4110,4110,4110,,5,668,7.0,1.0,7.0,0.0,7.0,0.0,7.0,1.0,7.0,0.0,7.0,0.0,7.0,7.0
4111,4111,4111,4111,,0,857,7.0,0.0,7.0,0.0,7.0,0.0,7.0,0.0,7.0,0.0,7.0,0.0,7.0,7.0
4112,4112,4112,4112,,1,858,6.0,0.0,6.0,0.0,6.0,0.0,6.0,0.0,6.0,0.0,6.0,0.0,6.0,6.0
4113,4113,4113,4113,,0,859,5.0,0.0,5.0,0.0,5.0,0.0,5.0,0.0,5.0,0.0,5.0,0.0,5.0,5.0
4114,4114,4114,4114,,10,272,6.0,0.0,6.0,0.0,6.0,0.0,6.0,0.0,6.0,2.0,6.0,0.0,6.0,7.0
4115,4115,4115,4115,,16,92,6.0,1.0,6.0,1.0,6.0,1.0,6.0,2.0,6.0,1.0,6.0,1.0,6.0,6.0
4116,4116,4116,4116,,0,860,5.0,0.0,5.0,0.0,5.0,0.0,5.0,0.0,5.0,0.0,5.0,0.0,5.0,5.0
4117,4117,4117,4117,,2,42,6.0,1.0,6.0,0.0,6.0,1.0,6.0,1.0,6.0,0.0,6.0,1.0,6.0,7.0
4118,4118,4118,4118,,0,861,0.0,0.0,0.0,0.0,0.0,0.0,0.0,0.0,0.0,0.0,0.0,0.0,0.0,0.0
4119,4119,4119,4119,,3,166,7.0,0.0,7.0,0.0,7.0,0.0,7.0,0.0,7.0,0.0,7.0,0.0,7.0,7.0
4120,4120,4120,4120,,0,862,6.0,0.0,6.0,0.0,6.0,0.0,6.0,0.0,6.0,0.0,6.0,0.0,6.0,6.0
4121,4121,4121,4121,,2,375,6.0,0.0,6.0,0.0,6.0,0.0,6.0,0.0,6.0,0.0,6.0,0.0,6.0,7.0
4122,4122,4122,4122,,3,375,5.0,1.0,5.0,0.0,5.0,0.0,5.0,1.0,5.0,0.0,5.0,0.0,5.0,6.0
4123,4123,4123,4123,,0,863,7.0,0.0,7.0,0.0,7.0,0.0,7.0,0.0,7.0,0.0,7.0,0.0,7.0,7.0
4124,4124,4124,4124,,0,864,5.0,0.0,5.0,0.0,5.0,0.0,5.0,0.0,5.0,0.0,5.0,0.0,5.0,5.0
4125,4125,4125,4125,,1,865,6.0,0.0,6.0,0.0,6.0,0.0,6.0,0.0,6.0,0.0,6.0,0.0,6.0,7.0
4126,4126,4126,4126,,3,16,6.0,0.0,6.0,0.0,6.0,0.0,6.0,4.0,6.0,0.0,6.0,0.0,6.0,6.0
4127,4127,4127,4127,,0,866,6.0,0.0,6.0,0.0,6.0,0.0,6.0,0.0,6.0,0.0,6.0,0.0,6.0,7.0
4128,4128,4128,4128,,1,272,6.0,0.0,6.0,0.0,6.0,0.0,6.0,0.0,6.0,0.0,6.0,0.0,6.0,6.0
4129,4129,4129,4129,,0,867,6.0,0.0,6.0,0.0,6.0,0.0,6.0,0.0,6.0,0.0,6.0,0.0,6.0,6.0
4130,4130,4130,4130,,4,360,6.0,1.0,6.0,1.0,6.0,1.0,6.0,1.0,6.0,2.0,6.0,1.0,6.0,7.0
4131,4131,4131,4131,,0,868,6.0,0.0,6.0,0.0,6.0,0.0,6.0,0.0,6.0,0.0,6.0,0.0,6.0,6.0
4132,4132,4132,4132,,6,16,7.0,4.0,7.0,0.0,7.0,0.0,7.0,1.0,7.0,1.0,7.0,0.0,7.0,7.0
4133,4133,4133,4133,,2,375,5.0,0.0,5.0,0.0,5.0,0.0,5.0,0.0,5.0,0.0,5.0,0.0,5.0,6.0
4134,4134,4134,4134,,1,870,5.0,0.0,5.0,0.0,5.0,0.0,5.0,0.0,5.0,0.0,5.0,0.0,5.0,5.0
4135,4135,4135,4135,,0,869,7.0,0.0,7.0,0.0,7.0,0.0,7.0,0.0,7.0,0.0,7.0,0.0,7.0,7.0
4136,4136,4136,4136,,1,870,7.0,0.0,7.0,0.0,7.0,0.0,7.0,0.0,7.0,0.0,7.0,0.0,7.0,7.0
4137,4137,4137,4137,,0,871,6.0,0.0,6.0,0.0,6.0,0.0,6.0,0.0,6.0,0.0,6.0,0.0,6.0,6.0
4138,4138,4138,4138,,0,872,6.0,0.0,6.0,0.0,6.0,0.0,6.0,0.0,6.0,0.0,6.0,0.0,6.0,6.0
4139,4139,4139,4139,,0,873,5.0,0.0,5.0,0.0,5.0,0.0,5.0,0.0,5.0,0.0,5.0,0.0,5.0,5.0
4140,4140,4140,4140,,0,874,0.0,0.0,0.0,0.0,0.0,0.0,0.0,0.0,0.0,0.0,0.0,0.0,0.0,0.0
4141,4141,4141,4141,,25,387,7.0,0.0,7.0,0.0,7.0,0.0,7.0,0.0,7.0,0.0,7.0,0.0,7.0,7.0
4142,4142,4142,4142,,0,875,4.0,0.0,4.0,0.0,4.0,0.0,4.0,0.0,4.0,0.0,4.0,0.0,4.0,4.0
4143,4143,4143,4143,,0,876,6.0,0.0,6.0,0.0,6.0,0.0,6.0,0.0,6.0,0.0,6.0,0.0,6.0,7.0
4144,4144,4144,4144,,1,60,7.0,0.0,7.0,0.0,7.0,0.0,7.0,0.0,7.0,0.0,7.0,0.0,7.0,7.0
4145,4145,4145,4145,,0,877,4.0,0.0,4.0,0.0,4.0,0.0,4.0,0.0,4.0,0.0,4.0,0.0,4.0,5.0
4146,4146,4146,4146,,1,882,6.0,0.0,6.0,0.0,6.0,0.0,6.0,0.0,6.0,0.0,6.0,0.0,6.0,7.0
4147,4147,4147,4147,,1,878,6.0,0.0,6.0,0.0,6.0,0.0,6.0,0.0,6.0,0.0,6.0,0.0,6.0,6.0
4148,4148,4148,4148,,0,879,7.0,0.0,7.0,0.0,7.0,0.0,7.0,0.0,7.0,0.0,7.0,0.0,7.0,7.0
4149,4149,4149,4149,,0,880,7.0,0.0,7.0,0.0,7.0,0.0,7.0,0.0,7.0,0.0,7.0,0.0,7.0,7.0
4150,4150,4150,4150,,4,49,5.0,0.0,5.0,0.0,5.0,0.0,5.0,0.0,5.0,0.0,5.0,0.0,5.0,6.0
4151,4151,4151,4151,,0,881,6.0,0.0,6.0,0.0,6.0,0.0,6.0,0.0,6.0,0.0,6.0,0.0,6.0,6.0
4152,4152,4152,4152,,1,882,5.0,0.0,5.0,0.0,5.0,0.0,5.0,0.0,5.0,0.0,5.0,0.0,5.0,6.0
4153,4153,4153,4153,,3,387,6.0,0.0,6.0,0.0,6.0,0.0,6.0,0.0,6.0,0.0,6.0,0.0,6.0,6.0
4154,4154,4154,4154,,5,883,6.0,0.0,6.0,0.0,6.0,0.0,6.0,0.0,6.0,0.0,6.0,0.0,6.0,6.0
4155,4155,4155,4155,,0,884,4.0,0.0,4.0,0.0,4.0,0.0,4.0,0.0,4.0,0.0,4.0,0.0,4.0,6.0
4156,4156,4156,4156,,0,885,4.0,0.0,4.0,0.0,4.0,0.0,4.0,0.0,4.0,0.0,4.0,0.0,4.0,4.0
4157,4157,4157,4157,,0,886,4.0,0.0,4.0,0.0,4.0,0.0,4.0,0.0,4.0,0.0,4.0,0.0,4.0,5.0
4158,4158,4158,4158,,0,887,4.0,0.0,4.0,0.0,4.0,0.0,4.0,0.0,4.0,0.0,4.0,0.0,4.0,5.0
4159,4159,4159,4159,,0,888,7.0,0.0,7.0,0.0,7.0,0.0,7.0,0.0,7.0,0.0,7.0,0.0,7.0,7.0
4160,4160,4160,4160,,4,142,7.0,0.0,7.0,0.0,7.0,0.0,7.0,0.0,7.0,0.0,7.0,0.0,7.0,7.0
4161,4161,4161,4161,,1,889,6.0,0.0,6.0,0.0,6.0,0.0,6.0,0.0,6.0,0.0,6.0,0.0,6.0,6.0
4162,4162,4162,4162,,1,890,7.0,0.0,7.0,0.0,7.0,0.0,7.0,0.0,7.0,0.0,7.0,0.0,7.0,7.0
4163,4163,4163,4163,,28,375,7.0,1.0,7.0,0.0,7.0,1.0,7.0,1.0,7.0,1.0,7.0,1.0,7.0,7.0
4164,4164,4164,4164,,0,891,8.0,0.0,8.0,0.0,8.0,0.0,8.0,0.0,8.0,0.0,8.0,0.0,8.0,8.0
4165,4165,4165,4165,,0,892,6.0,0.0,6.0,0.0,6.0,0.0,6.0,0.0,6.0,0.0,6.0,0.0,6.0,6.0
4166,4166,4166,4166,,0,893,6.0,0.0,6.0,0.0,6.0,0.0,6.0,0.0,6.0,0.0,6.0,0.0,6.0,6.0
4167,4167,4167,4167,,1,16,8.0,0.0,8.0,0.0,8.0,0.0,8.0,1.0,8.0,0.0,8.0,0.0,8.0,8.0
4168,4168,4168,4168,,0,894,6.0,0.0,6.0,0.0,6.0,0.0,6.0,0.0,6.0,0.0,6.0,0.0,6.0,6.0
4169,4169,4169,4169,,2,375,7.0,0.0,7.0,0.0,7.0,0.0,7.0,1.0,7.0,0.0,7.0,0.0,7.0,7.0
4170,4170,4170,4170,,0,895,6.0,0.0,6.0,0.0,6.0,0.0,6.0,0.0,6.0,0.0,6.0,0.0,6.0,6.0
4171,4171,4171,4171,,6,375,7.0,0.0,7.0,0.0,7.0,1.0,7.0,1.0,7.0,0.0,7.0,0.0,7.0,7.0
4172,4172,4172,4172,,6,42,8.0,0.0,8.0,0.0,8.0,0.0,8.0,0.0,8.0,0.0,8.0,0.0,8.0,8.0
4173,4173,4173,4173,,5,372,8.0,0.0,8.0,0.0,8.0,0.0,8.0,0.0,8.0,0.0,8.0,0.0,8.0,8.0
4174,4174,4174,4174,,0,896,6.0,0.0,6.0,0.0,6.0,0.0,6.0,0.0,6.0,0.0,6.0,0.0,6.0,6.0
4175,4175,4175,4175,,3,49,7.0,0.0,7.0,0.0,7.0,0.0,7.0,0.0,7.0,0.0,7.0,0.0,7.0,7.0
4176,4176,4176,4176,,5,372,6.0,0.0,6.0,0.0,6.0,0.0,6.0,0.0,6.0,0.0,6.0,0.0,6.0,6.0
4177,4177,4177,4177,,7,49,6.0,0.0,6.0,0.0,6.0,0.0,6.0,1.0,6.0,0.0,6.0,0.0,6.0,6.0
4178,4178,4178,4178,,0,897,5.0,0.0,5.0,0.0,5.0,0.0,5.0,0.0,5.0,0.0,5.0,0.0,5.0,6.0
4179,4179,4179,4179,,0,898,7.0,0.0,7.0,0.0,7.0,0.0,7.0,0.0,7.0,0.0,7.0,0.0,7.0,7.0
4180,4180,4180,4180,,2,42,6.0,0.0,6.0,0.0,6.0,0.0,6.0,0.0,6.0,0.0,6.0,0.0,6.0,6.0
4181,4181,4181,4181,,0,899,6.0,0.0,6.0,0.0,6.0,0.0,6.0,0.0,6.0,0.0,6.0,0.0,6.0,6.0
4182,4182,4182,4182,,0,900,7.0,0.0,7.0,0.0,7.0,0.0,7.0,0.0,7.0,0.0,7.0,0.0,7.0,7.0
4183,4183,4183,4183,,2,372,7.0,0.0,7.0,0.0,7.0,0.0,7.0,0.0,7.0,0.0,7.0,0.0,7.0,7.0
4184,4184,4184,4184,,6,799,7.0,0.0,7.0,0.0,7.0,0.0,7.0,0.0,7.0,0.0,7.0,0.0,7.0,7.0
4185,4185,4185,4185,,0,901,5.0,0.0,5.0,0.0,5.0,0.0,5.0,0.0,5.0,0.0,5.0,0.0,5.0,6.0
4186,4186,4186,4186,,0,902,0.0,0.0,0.0,0.0,0.0,0.0,0.0,0.0,0.0,0.0,0.0,0.0,0.0,1.0
4187,4187,4187,4187,,0,903,4.0,0.0,4.0,0.0,4.0,0.0,4.0,0.0,4.0,0.0,4.0,0.0,4.0,5.0
4188,4188,4188,4188,,0,904,5.0,0.0,5.0,0.0,5.0,0.0,5.0,0.0,5.0,0.0,5.0,0.0,5.0,5.0
4189,4189,4189,4189,,11,217,7.0,0.0,7.0,1.0,7.0,1.0,7.0,1.0,7.0,0.0,7.0,1.0,7.0,8.0
4190,4190,4190,4190,,0,905,6.0,0.0,6.0,0.0,6.0,0.0,6.0,0.0,6.0,0.0,6.0,0.0,6.0,7.0
4191,4191,4191,4191,,0,906,5.0,0.0,5.0,0.0,5.0,0.0,5.0,0.0,5.0,0.0,5.0,0.0,5.0,6.0
4192,4192,4192,4192,,1,60,7.0,0.0,7.0,0.0,7.0,0.0,7.0,0.0,7.0,0.0,7.0,0.0,7.0,7.0
4193,4193,4193,4193,,1,372,6.0,0.0,6.0,0.0,6.0,0.0,6.0,0.0,6.0,0.0,6.0,0.0,6.0,7.0
4194,4194,4194,4194,,26,92,6.0,1.0,6.0,1.0,6.0,1.0,6.0,2.0,6.0,1.0,6.0,1.0,6.0,7.0
4195,4195,4195,4195,,0,907,6.0,0.0,6.0,0.0,6.0,0.0,6.0,0.0,6.0,0.0,6.0,0.0,6.0,6.0
4196,4196,4196,4196,,0,908,6.0,0.0,6.0,0.0,6.0,0.0,6.0,0.0,6.0,0.0,6.0,0.0,6.0,6.0
4197,4197,4197,4197,,2,375,6.0,0.0,6.0,0.0,6.0,0.0,6.0,0.0,6.0,0.0,6.0,0.0,6.0,6.0
4198,4198,4198,4198,,3,35,7.0,0.0,7.0,0.0,7.0,0.0,7.0,0.0,7.0,0.0,7.0,0.0,7.0,7.0
4199,4199,4199,4199,,0,909,6.0,0.0,6.0,0.0,6.0,0.0,6.0,0.0,6.0,0.0,6.0,0.0,6.0,6.0
4200,4200,4200,4200,,4,60,7.0,0.0,7.0,0.0,7.0,0.0,7.0,0.0,7.0,0.0,7.0,0.0,7.0,7.0
4201,4201,4201,4201,,4,60,7.0,0.0,7.0,0.0,7.0,0.0,7.0,0.0,7.0,0.0,7.0,0.0,7.0,7.0
4202,4202,4202,4202,,3,799,7.0,0.0,7.0,0.0,7.0,0.0,7.0,0.0,7.0,0.0,7.0,0.0,7.0,7.0
4203,4203,4203,4203,,0,910,6.0,0.0,6.0,0.0,6.0,0.0,6.0,0.0,6.0,0.0,6.0,0.0,6.0,6.0
4204,4204,4204,4204,,0,911,6.0,0.0,6.0,0.0,6.0,0.0,6.0,0.0,6.0,0.0,6.0,0.0,6.0,6.0
4205,4205,4205,4205,,0,912,4.0,0.0,4.0,0.0,4.0,0.0,4.0,0.0,4.0,0.0,4.0,0.0,4.0,4.0
4206,4206,4206,4206,,0,913,7.0,0.0,7.0,0.0,7.0,0.0,7.0,0.0,7.0,0.0,7.0,0.0,7.0,7.0
4207,4207,4207,4207,,0,914,5.0,0.0,5.0,0.0,5.0,0.0,5.0,0.0,5.0,0.0,5.0,0.0,5.0,5.0
4208,4208,4208,4208,,0,915,8.0,0.0,8.0,0.0,8.0,0.0,8.0,0.0,8.0,0.0,8.0,0.0,8.0,8.0
4209,4209,4209,4209,,19,387,8.0,0.0,8.0,0.0,8.0,0.0,8.0,0.0,8.0,0.0,8.0,0.0,8.0,8.0
4210,4210,4210,4210,,0,916,0.0,0.0,0.0,0.0,0.0,0.0,0.0,0.0,0.0,0.0,0.0,0.0,0.0,1.0
4211,4211,4211,4211,,1,917,7.0,0.0,7.0,0.0,7.0,0.0,7.0,0.0,7.0,0.0,7.0,0.0,7.0,7.0
4212,4212,4212,4212,,0,918,7.0,0.0,7.0,0.0,7.0,0.0,7.0,0.0,7.0,0.0,7.0,0.0,7.0,7.0
4213,4213,4213,4213,,10,35,4.0,1.0,4.0,0.0,4.0,1.0,4.0,1.0,4.0,0.0,4.0,0.0,4.0,4.0
4214,4214,4214,4214,,0,919,7.0,0.0,7.0,0.0,7.0,0.0,7.0,0.0,7.0,0.0,7.0,0.0,7.0,7.0
4215,4215,4215,4215,,0,920,7.0,0.0,7.0,0.0,7.0,0.0,7.0,0.0,7.0,0.0,7.0,0.0,7.0,8.0
4216,4216,4216,4216,,6,60,8.0,0.0,8.0,0.0,8.0,0.0,8.0,0.0,8.0,0.0,8.0,0.0,8.0,8.0
4217,4217,4217,4217,,10,217,7.0,1.0,7.0,1.0,7.0,2.0,7.0,1.0,7.0,0.0,7.0,1.0,7.0,7.0
4218,4218,4218,4218,,2,60,7.0,0.0,7.0,0.0,7.0,0.0,7.0,0.0,7.0,0.0,7.0,0.0,7.0,7.0
4219,4219,4219,4219,,7,389,6.0,0.0,6.0,0.0,6.0,0.0,6.0,0.0,6.0,0.0,6.0,0.0,6.0,6.0
4220,4220,4220,4220,,3,42,5.0,0.0,5.0,0.0,5.0,0.0,5.0,0.0,5.0,0.0,5.0,0.0,5.0,6.0
4221,4221,4221,4221,,9,799,7.0,0.0,7.0,0.0,7.0,0.0,7.0,0.0,7.0,0.0,7.0,0.0,7.0,7.0
4222,4222,4222,4222,,2,921,7.0,0.0,7.0,0.0,7.0,0.0,7.0,0.0,7.0,0.0,7.0,0.0,7.0,7.0
4223,4223,4223,4223,,1,922,7.0,0.0,7.0,0.0,7.0,0.0,7.0,0.0,7.0,0.0,7.0,0.0,7.0,7.0
4224,4224,4224,4224,,16,388,7.0,0.0,7.0,1.0,7.0,2.0,7.0,2.0,7.0,0.0,7.0,1.0,7.0,7.0
4225,4225,4225,4225,,0,923,7.0,0.0,7.0,0.0,7.0,0.0,7.0,0.0,7.0,0.0,7.0,0.0,7.0,7.0
4226,4226,4226,4226,,0,924,7.0,0.0,7.0,0.0,7.0,0.0,7.0,0.0,7.0,0.0,7.0,0.0,7.0,7.0
4227,4227,4227,4227,,0,925,7.0,0.0,7.0,0.0,7.0,0.0,7.0,0.0,7.0,0.0,7.0,0.0,7.0,7.0
4228,4228,4228,4228,,0,926,7.0,0.0,7.0,0.0,7.0,0.0,7.0,0.0,7.0,0.0,7.0,0.0,7.0,7.0
4229,4229,4229,4229,,0,927,6.0,0.0,6.0,0.0,6.0,0.0,6.0,0.0,6.0,0.0,6.0,0.0,6.0,6.0
4230,4230,4230,4230,,14,35,6.0,1.0,6.0,1.0,6.0,1.0,6.0,1.0,6.0,1.0,6.0,2.0,6.0,7.0
4231,4231,4231,4231,,0,928,7.0,0.0,7.0,0.0,7.0,0.0,7.0,0.0,7.0,0.0,7.0,0.0,7.0,7.0
4232,4232,4232,4232,,4,142,7.0,0.0,7.0,0.0,7.0,0.0,7.0,0.0,7.0,0.0,7.0,0.0,7.0,7.0
4233,4233,4233,4233,,0,929,3.0,0.0,3.0,0.0,3.0,0.0,3.0,0.0,3.0,0.0,3.0,0.0,3.0,3.0
4234,4234,4234,4234,,12,49,6.0,0.0,6.0,0.0,6.0,0.0,6.0,1.0,6.0,0.0,6.0,0.0,6.0,6.0
4235,4235,4235,4235,,0,930,6.0,0.0,6.0,0.0,6.0,0.0,6.0,0.0,6.0,0.0,6.0,0.0,6.0,6.0
4236,4236,4236,4236,,0,931,5.0,0.0,5.0,0.0,5.0,0.0,5.0,0.0,5.0,0.0,5.0,0.0,5.0,5.0
4237,4237,4237,4237,,0,932,6.0,0.0,6.0,0.0,6.0,0.0,6.0,0.0,6.0,0.0,6.0,0.0,6.0,6.0
4238,4238,4238,4238,,0,933,8.0,0.0,8.0,0.0,8.0,0.0,8.0,0.0,8.0,0.0,8.0,0.0,8.0,8.0
4239,4239,4239,4239,,1,799,6.0,0.0,6.0,0.0,6.0,0.0,6.0,0.0,6.0,0.0,6.0,0.0,6.0,7.0
4240,4240,4240,4240,,0,934,6.0,0.0,6.0,0.0,6.0,0.0,6.0,0.0,6.0,0.0,6.0,0.0,6.0,6.0
4241,4241,4241,4241,,1,935,4.0,0.0,4.0,0.0,4.0,0.0,4.0,0.0,4.0,0.0,4.0,0.0,4.0,4.0
4242,4242,4242,4242,,0,936,7.0,0.0,7.0,0.0,7.0,0.0,7.0,0.0,7.0,0.0,7.0,0.0,7.0,7.0
4243,4243,4243,4243,,1,937,6.0,0.0,6.0,0.0,6.0,0.0,6.0,0.0,6.0,0.0,6.0,0.0,6.0,6.0
4244,4244,4244,4244,,2,938,6.0,0.0,6.0,0.0,6.0,0.0,6.0,0.0,6.0,0.0,6.0,0.0,6.0,6.0
4245,4245,4245,4245,,3,42,7.0,0.0,7.0,2.0,7.0,0.0,7.0,1.0,7.0,0.0,7.0,0.0,7.0,7.0
4246,4246,4246,4246,,0,939,7.0,0.0,7.0,0.0,7.0,0.0,7.0,0.0,7.0,0.0,7.0,0.0,7.0,7.0
4247,4247,4247,4247,,0,940,10.0,0.0,10.0,0.0,10.0,0.0,10.0,0.0,10.0,0.0,10.0,0.0,10.0,10.0
4248,4248,4248,4248,,14,388,5.0,1.0,5.0,1.0,5.0,1.0,5.0,1.0,5.0,1.0,5.0,1.0,5.0,5.0
4249,4249,4249,4249,,0,941,7.0,0.0,7.0,0.0,7.0,0.0,7.0,0.0,7.0,0.0,7.0,0.0,7.0,7.0
4250,4250,4250,4250,,14,166,7.0,1.0,7.0,1.0,7.0,1.0,7.0,1.0,7.0,1.0,7.0,1.0,7.0,7.0
4251,4251,4251,4251,,0,942,7.0,0.0,7.0,0.0,7.0,0.0,7.0,0.0,7.0,0.0,7.0,0.0,7.0,7.0
4252,4252,4252,4252,,0,943,6.0,0.0,6.0,0.0,6.0,0.0,6.0,0.0,6.0,0.0,6.0,0.0,6.0,6.0
4253,4253,4253,4253,,0,944,6.0,0.0,6.0,0.0,6.0,0.0,6.0,0.0,6.0,0.0,6.0,0.0,6.0,7.0
4254,4254,4254,4254,,0,945,3.0,0.0,3.0,0.0,3.0,0.0,3.0,0.0,3.0,0.0,3.0,0.0,3.0,3.0
4255,4255,4255,4255,,0,946,7.0,0.0,7.0,0.0,7.0,0.0,7.0,0.0,7.0,0.0,7.0,0.0,7.0,8.0
4256,4256,4256,4256,,0,947,4.0,0.0,4.0,0.0,4.0,0.0,4.0,0.0,4.0,0.0,4.0,0.0,4.0,5.0
4257,4257,4257,4257,,0,948,3.0,0.0,3.0,0.0,3.0,0.0,3.0,0.0,3.0,0.0,3.0,0.0,3.0,4.0
4258,4258,4258,4258,,0,949,8.0,0.0,8.0,0.0,8.0,0.0,8.0,0.0,8.0,0.0,8.0,0.0,8.0,8.0
4259,4259,4259,4259,,4,34,7.0,0.0,7.0,0.0,7.0,0.0,7.0,0.0,7.0,0.0,7.0,0.0,7.0,7.0
4260,4260,4260,4260,,0,950,7.0,0.0,7.0,0.0,7.0,0.0,7.0,0.0,7.0,0.0,7.0,0.0,7.0,7.0
4261,4261,4261,4261,,0,951,5.0,0.0,5.0,0.0,5.0,0.0,5.0,0.0,5.0,0.0,5.0,0.0,5.0,6.0
4262,4262,4262,4262,,0,952,6.0,0.0,6.0,0.0,6.0,0.0,6.0,0.0,6.0,0.0,6.0,0.0,6.0,7.0
4263,4263,4263,4263,,0,953,5.0,0.0,5.0,0.0,5.0,0.0,5.0,0.0,5.0,0.0,5.0,0.0,5.0,6.0
4264,4264,4264,4264,,2,954,5.0,0.0,5.0,0.0,5.0,0.0,5.0,0.0,5.0,0.0,5.0,0.0,5.0,5.0
4265,4265,4265,4265,,0,955,6.0,0.0,6.0,0.0,6.0,0.0,6.0,0.0,6.0,0.0,6.0,0.0,6.0,6.0
4266,4266,4266,4266,,0,956,0.0,0.0,0.0,0.0,0.0,0.0,0.0,0.0,0.0,0.0,0.0,0.0,0.0,2.0
4267,4267,4267,4267,,1,372,6.0,0.0,6.0,0.0,6.0,0.0,6.0,0.0,6.0,0.0,6.0,0.0,6.0,6.0
4268,4268,4268,4268,,14,92,8.0,1.0,8.0,1.0,8.0,1.0,8.0,2.0,8.0,0.0,8.0,1.0,8.0,8.0
4269,4269,4269,4269,,0,957,0.0,0.0,0.0,0.0,0.0,0.0,0.0,0.0,0.0,0.0,0.0,0.0,0.0,1.0
4270,4270,4270,4270,,2,457,8.0,0.0,8.0,0.0,8.0,0.0,8.0,0.0,8.0,0.0,8.0,0.0,8.0,8.0
4271,4271,4271,4271,,5,668,7.0,0.0,7.0,0.0,7.0,0.0,7.0,0.0,7.0,0.0,7.0,0.0,7.0,7.0
4272,4272,4272,4272,,0,958,5.0,0.0,5.0,0.0,5.0,0.0,5.0,0.0,5.0,0.0,5.0,0.0,5.0,5.0
4273,4273,4273,4273,,0,959,7.0,0.0,7.0,0.0,7.0,0.0,7.0,0.0,7.0,0.0,7.0,0.0,7.0,7.0
4274,4274,4274,4274,,0,960,6.0,0.0,6.0,0.0,6.0,0.0,6.0,0.0,6.0,0.0,6.0,0.0,6.0,6.0
4275,4275,4275,4275,,0,961,0.0,0.0,0.0,0.0,0.0,0.0,0.0,0.0,0.0,0.0,0.0,0.0,0.0,0.0
4276,4276,4276,4276,,28,42,3.0,1.0,3.0,8.0,6.0,1.0,6.0,2.0,6.0,1.0,6.0,1.0,6.0,4.0
4277,4277,4277,4277,,0,962,6.0,0.0,6.0,0.0,6.0,0.0,6.0,0.0,6.0,0.0,6.0,0.0,6.0,7.0
4278,4278,4278,4278,,0,963,2.0,0.0,2.0,0.0,2.0,0.0,2.0,0.0,2.0,0.0,2.0,0.0,2.0,2.0
4279,4279,4279,4279,,1,964,3.0,0.0,3.0,0.0,3.0,0.0,3.0,0.0,3.0,0.0,3.0,0.0,3.0,4.0
4280,4280,4280,4280,,0,965,5.0,0.0,5.0,0.0,5.0,0.0,5.0,0.0,5.0,0.0,5.0,0.0,5.0,5.0
4281,4281,4281,4281,,9,799,8.0,0.0,8.0,0.0,8.0,0.0,8.0,0.0,8.0,0.0,8.0,0.0,8.0,8.0
4282,4282,4282,4282,,3,125,6.0,0.0,6.0,0.0,6.0,0.0,6.0,0.0,6.0,0.0,6.0,0.0,6.0,6.0
4283,4283,4283,4283,,5,799,7.0,0.0,7.0,0.0,7.0,0.0,7.0,0.0,7.0,0.0,7.0,0.0,7.0,7.0
4284,4284,4284,4284,,1,92,5.0,0.0,5.0,0.0,5.0,0.0,5.0,0.0,5.0,0.0,5.0,0.0,5.0,6.0
4285,4285,4285,4285,,1,966,6.0,0.0,6.0,0.0,6.0,0.0,6.0,0.0,6.0,0.0,6.0,0.0,6.0,6.0
4286,4286,4286,4286,,0,967,6.0,0.0,6.0,0.0,6.0,0.0,6.0,0.0,6.0,0.0,6.0,0.0,6.0,7.0
4287,4287,4287,4287,,1,799,7.0,0.0,7.0,0.0,7.0,0.0,7.0,0.0,7.0,0.0,7.0,0.0,7.0,7.0
4288,4288,4288,4288,,8,799,7.0,0.0,7.0,0.0,7.0,0.0,7.0,0.0,7.0,0.0,7.0,0.0,7.0,7.0
4289,4289,4289,4289,,16,668,4.0,0.0,4.0,0.0,4.0,0.0,4.0,0.0,4.0,0.0,4.0,0.0,4.0,4.0
4290,4290,4290,4290,,27,49,7.0,1.0,7.0,1.0,7.0,1.0,7.0,1.0,7.0,1.0,7.0,1.0,7.0,7.0
4291,4291,4291,4291,,21,388,7.0,1.0,7.0,1.0,7.0,2.0,7.0,1.0,7.0,0.0,7.0,1.0,7.0,7.0
4292,4292,4292,4292,,0,968,7.0,0.0,7.0,0.0,7.0,0.0,7.0,0.0,7.0,0.0,7.0,0.0,7.0,7.0
4293,4293,4293,4293,,0,969,0.0,0.0,0.0,0.0,0.0,0.0,0.0,0.0,0.0,0.0,0.0,0.0,0.0,1.0
4294,4294,4294,4294,,0,970,6.0,0.0,6.0,0.0,6.0,0.0,6.0,0.0,6.0,0.0,6.0,0.0,6.0,6.0
4295,4295,4295,4295,,22,218,7.0,1.0,7.0,0.0,7.0,1.0,7.0,1.0,7.0,0.0,7.0,1.0,7.0,7.0
4296,4296,4296,4296,,22,387,7.0,1.0,7.0,0.0,7.0,1.0,7.0,1.0,7.0,1.0,7.0,1.0,7.0,7.0
4297,4297,4297,4297,,9,799,7.0,0.0,7.0,0.0,7.0,0.0,7.0,0.0,7.0,0.0,7.0,0.0,7.0,7.0
4298,4298,4298,4298,,0,971,7.0,0.0,7.0,0.0,7.0,0.0,7.0,0.0,7.0,0.0,7.0,0.0,7.0,7.0
4299,4299,4299,4299,,0,972,6.0,0.0,6.0,0.0,6.0,0.0,6.0,0.0,6.0,0.0,6.0,0.0,6.0,6.0
4300,4300,4300,4300,,13,35,8.0,1.0,8.0,1.0,8.0,1.0,8.0,1.0,8.0,1.0,8.0,1.0,8.0,8.0
4301,4301,4301,4301,,1,973,6.0,0.0,6.0,0.0,6.0,0.0,6.0,0.0,6.0,0.0,6.0,0.0,6.0,6.0
4302,4302,4302,4302,,16,799,8.0,0.0,8.0,0.0,8.0,0.0,8.0,0.0,8.0,0.0,8.0,0.0,8.0,8.0
4303,4303,4303,4303,,0,974,8.0,0.0,8.0,0.0,8.0,0.0,8.0,0.0,8.0,0.0,8.0,0.0,8.0,8.0
4304,4304,4304,4304,,0,975,6.0,0.0,6.0,0.0,6.0,0.0,6.0,0.0,6.0,0.0,6.0,0.0,6.0,6.0
4305,4305,4305,4305,,0,976,0.0,0.0,0.0,0.0,0.0,0.0,0.0,0.0,0.0,0.0,0.0,0.0,0.0,0.0
4306,4306,4306,4306,,1,381,7.0,0.0,7.0,0.0,7.0,0.0,7.0,0.0,7.0,0.0,7.0,0.0,7.0,7.0
4307,4307,4307,4307,,0,977,0.0,0.0,0.0,0.0,0.0,0.0,0.0,0.0,0.0,0.0,0.0,0.0,0.0,2.0
4308,4308,4308,4308,,0,978,4.0,0.0,4.0,0.0,4.0,0.0,4.0,0.0,4.0,0.0,4.0,0.0,4.0,4.0
4309,4309,4309,4309,,0,979,0.0,0.0,0.0,0.0,0.0,0.0,0.0,0.0,0.0,0.0,0.0,0.0,0.0,0.0
4310,4310,4310,4310,,0,980,6.0,0.0,6.0,0.0,6.0,0.0,6.0,0.0,6.0,0.0,6.0,0.0,6.0,6.0
4311,4311,4311,4311,,0,981,4.0,0.0,4.0,0.0,4.0,0.0,4.0,0.0,4.0,0.0,4.0,0.0,4.0,4.0
4312,4312,4312,4312,,3,799,7.0,0.0,7.0,0.0,7.0,0.0,7.0,0.0,7.0,0.0,7.0,0.0,7.0,7.0
4313,4313,4313,4313,,0,982,4.0,0.0,4.0,0.0,4.0,0.0,4.0,0.0,4.0,0.0,4.0,0.0,4.0,5.0
4314,4314,4314,4314,,0,983,5.0,0.0,5.0,0.0,5.0,0.0,5.0,0.0,5.0,0.0,5.0,0.0,5.0,5.0
4315,4315,4315,4315,,10,60,6.0,1.0,6.0,1.0,6.0,1.0,6.0,2.0,6.0,0.0,6.0,1.0,6.0,7.0
4316,4316,4316,4316,,0,984,7.0,0.0,7.0,0.0,7.0,0.0,7.0,0.0,7.0,0.0,7.0,0.0,7.0,7.0
4317,4317,4317,4317,,0,985,4.0,0.0,4.0,0.0,4.0,0.0,4.0,0.0,4.0,0.0,4.0,0.0,4.0,5.0
4318,4318,4318,4318,,0,986,2.0,0.0,2.0,0.0,2.0,0.0,2.0,0.0,2.0,0.0,2.0,0.0,2.0,3.0
4319,4319,4319,4319,,0,987,6.0,0.0,6.0,0.0,6.0,0.0,6.0,0.0,6.0,0.0,6.0,0.0,6.0,7.0
4320,4320,4320,4320,,3,375,7.0,0.0,7.0,0.0,7.0,0.0,7.0,0.0,7.0,0.0,7.0,0.0,7.0,7.0
4321,4321,4321,4321,,0,988,7.0,0.0,7.0,0.0,7.0,0.0,7.0,0.0,7.0,0.0,7.0,0.0,7.0,7.0
4322,4322,4322,4322,,0,989,5.0,0.0,5.0,0.0,5.0,0.0,5.0,0.0,5.0,0.0,5.0,0.0,5.0,5.0
4323,4323,4323,4323,,0,990,7.0,0.0,7.0,0.0,7.0,0.0,7.0,0.0,7.0,0.0,7.0,0.0,7.0,7.0
4324,4324,4324,4324,,0,991,6.0,0.0,6.0,0.0,6.0,0.0,6.0,0.0,6.0,0.0,6.0,0.0,6.0,6.0
4325,4325,4325,4325,,0,992,6.0,0.0,6.0,0.0,6.0,0.0,6.0,0.0,6.0,0.0,6.0,0.0,6.0,6.0
4326,4326,4326,4326,,7,16,7.0,1.0,7.0,0.0,7.0,0.0,7.0,1.0,7.0,0.0,7.0,0.0,7.0,8.0
4327,4327,4327,4327,,0,993,3.0,0.0,3.0,0.0,3.0,0.0,3.0,0.0,3.0,0.0,3.0,0.0,3.0,3.0
4328,4328,4328,4328,,0,994,4.0,0.0,4.0,0.0,4.0,0.0,4.0,0.0,4.0,0.0,4.0,0.0,4.0,4.0
4329,4329,4329,4329,,3,799,8.0,0.0,8.0,0.0,8.0,0.0,8.0,0.0,8.0,0.0,8.0,0.0,8.0,8.0
4330,4330,4330,4330,,0,995,6.0,0.0,6.0,0.0,6.0,0.0,6.0,0.0,6.0,0.0,6.0,0.0,6.0,6.0
4331,4331,4331,4331,,0,996,7.0,0.0,7.0,0.0,7.0,0.0,7.0,0.0,7.0,0.0,7.0,0.0,7.0,7.0
4332,4332,4332,4332,,0,997,6.0,0.0,6.0,0.0,6.0,0.0,6.0,0.0,6.0,0.0,6.0,0.0,6.0,7.0
4333,4333,4333,4333,,9,387,8.0,0.0,8.0,0.0,8.0,0.0,8.0,0.0,8.0,0.0,8.0,0.0,8.0,8.0
4334,4334,4334,4334,,0,998,4.0,0.0,4.0,0.0,4.0,0.0,4.0,0.0,4.0,0.0,4.0,0.0,4.0,4.0
4335,4335,4335,4335,,2,799,6.0,0.0,6.0,0.0,6.0,0.0,6.0,0.0,6.0,0.0,6.0,0.0,6.0,7.0
4336,4336,4336,4336,,1,35,6.0,0.0,6.0,0.0,6.0,0.0,6.0,0.0,6.0,0.0,6.0,0.0,6.0,6.0
4337,4337,4337,4337,,20,387,8.0,1.0,8.0,0.0,8.0,1.0,8.0,1.0,8.0,0.0,8.0,1.0,8.0,8.0
4338,4338,4338,4338,,14,799,6.0,0.0,6.0,0.0,6.0,1.0,6.0,1.0,6.0,0.0,6.0,1.0,6.0,6.0
4339,4339,4339,4339,,8,387,7.0,0.0,7.0,0.0,7.0,0.0,7.0,0.0,7.0,0.0,7.0,0.0,7.0,7.0
4340,4340,4340,4340,,0,999,5.0,0.0,5.0,0.0,5.0,0.0,5.0,0.0,5.0,0.0,5.0,0.0,5.0,5.0
4341,4341,4341,4341,,30,42,7.0,1.0,7.0,8.0,7.0,1.0,7.0,2.0,7.0,1.0,7.0,1.0,7.0,7.0
4342,4342,4342,4342,,0,1000,6.0,0.0,6.0,0.0,6.0,0.0,6.0,0.0,6.0,0.0,6.0,0.0,6.0,6.0
4343,4343,4343,4343,,4,388,6.0,0.0,6.0,0.0,6.0,1.0,6.0,1.0,6.0,0.0,6.0,1.0,6.0,6.0
4344,4344,4344,4344,,0,1001,6.0,0.0,6.0,0.0,6.0,0.0,6.0,0.0,6.0,0.0,6.0,0.0,6.0,7.0
4345,4345,4345,4345,,7,49,7.0,0.0,7.0,0.0,7.0,0.0,7.0,0.0,7.0,0.0,7.0,0.0,7.0,7.0
4346,4346,4346,4346,,4,49,7.0,0.0,7.0,0.0,7.0,0.0,7.0,0.0,7.0,0.0,7.0,0.0,7.0,7.0
4347,4347,4347,4347,,0,1002,5.0,0.0,5.0,0.0,5.0,0.0,5.0,0.0,5.0,0.0,5.0,0.0,5.0,5.0
4348,4348,4348,4348,,0,1003,7.0,0.0,7.0,0.0,7.0,0.0,7.0,0.0,7.0,0.0,7.0,0.0,7.0,7.0
4349,4349,4349,4349,,0,1004,6.0,0.0,6.0,0.0,6.0,0.0,6.0,0.0,6.0,0.0,6.0,0.0,6.0,6.0
4350,4350,4350,4350,,3,142,7.0,0.0,7.0,0.0,7.0,0.0,7.0,0.0,7.0,0.0,7.0,0.0,7.0,7.0
4351,4351,4351,4351,,0,1005,6.0,0.0,6.0,0.0,6.0,0.0,6.0,0.0,6.0,0.0,6.0,0.0,6.0,7.0
4352,4352,4352,4352,,17,387,7.0,0.0,7.0,0.0,7.0,1.0,7.0,1.0,7.0,0.0,7.0,1.0,7.0,7.0
4353,4353,4353,4353,,7,35,5.0,0.0,5.0,0.0,5.0,0.0,5.0,1.0,5.0,0.0,5.0,0.0,5.0,6.0
4354,4354,4354,4354,,0,1006,8.0,0.0,8.0,0.0,8.0,0.0,8.0,0.0,8.0,0.0,8.0,0.0,8.0,8.0
4355,4355,4355,4355,,36,153,7.0,1.0,7.0,1.0,7.0,1.0,7.0,2.0,7.0,1.0,7.0,1.0,7.0,7.0
4356,4356,4356,4356,,0,1007,7.0,0.0,7.0,0.0,7.0,0.0,7.0,0.0,7.0,0.0,7.0,0.0,7.0,7.0
4357,4357,4357,4357,,1,865,7.0,0.0,7.0,0.0,7.0,0.0,7.0,0.0,7.0,0.0,7.0,0.0,7.0,7.0
4358,4358,4358,4358,,0,1008,6.0,0.0,6.0,0.0,6.0,0.0,6.0,0.0,6.0,0.0,6.0,0.0,6.0,6.0
4359,4359,4359,4359,,4,49,7.0,0.0,7.0,0.0,7.0,0.0,7.0,0.0,7.0,0.0,7.0,0.0,7.0,7.0
4360,4360,4360,4360,,2,375,7.0,0.0,7.0,0.0,7.0,0.0,7.0,0.0,7.0,0.0,7.0,0.0,7.0,7.0
4361,4361,4361,4361,,2,60,7.0,0.0,7.0,0.0,7.0,0.0,7.0,0.0,7.0,0.0,7.0,0.0,7.0,7.0
4362,4362,4362,4362,,1,35,7.0,0.0,7.0,0.0,7.0,0.0,7.0,0.0,7.0,1.0,7.0,0.0,7.0,7.0
4363,4363,4363,4363,,0,1009,7.0,0.0,7.0,0.0,7.0,0.0,7.0,0.0,7.0,0.0,7.0,0.0,7.0,7.0
4364,4364,4364,4364,,1,598,5.0,0.0,5.0,0.0,5.0,0.0,5.0,0.0,5.0,0.0,5.0,0.0,5.0,6.0
4365,4365,4365,4365,,3,389,7.0,0.0,7.0,0.0,7.0,0.0,7.0,0.0,7.0,0.0,7.0,0.0,7.0,7.0
4366,4366,4366,4366,,0,1010,7.0,0.0,7.0,0.0,7.0,0.0,7.0,0.0,7.0,0.0,7.0,0.0,7.0,7.0
4367,4367,4367,4367,,0,1011,6.0,0.0,6.0,0.0,6.0,0.0,6.0,0.0,6.0,0.0,6.0,0.0,6.0,7.0
4368,4368,4368,4368,,23,217,7.0,1.0,7.0,2.0,7.0,5.0,7.0,3.0,7.0,1.0,7.0,3.0,7.0,7.0
4369,4369,4369,4369,,0,1012,7.0,0.0,7.0,0.0,7.0,0.0,7.0,0.0,7.0,0.0,7.0,0.0,7.0,7.0
4370,4370,4370,4370,,0,1013,7.0,0.0,7.0,0.0,7.0,0.0,7.0,0.0,7.0,0.0,7.0,0.0,7.0,7.0
4371,4371,4371,4371,,0,1014,6.0,0.0,6.0,0.0,6.0,0.0,6.0,0.0,6.0,0.0,6.0,0.0,6.0,6.0
4372,4372,4372,4372,,2,270,6.0,0.0,6.0,0.0,6.0,0.0,6.0,1.0,6.0,0.0,6.0,0.0,6.0,6.0
4373,4373,4373,4373,,4,142,6.0,0.0,6.0,0.0,6.0,0.0,6.0,0.0,6.0,0.0,6.0,0.0,6.0,6.0
4374,4374,4374,4374,,0,1015,8.0,0.0,8.0,0.0,8.0,0.0,8.0,0.0,8.0,0.0,8.0,0.0,8.0,8.0
4375,4375,4375,4375,,1,749,7.0,0.0,7.0,0.0,7.0,0.0,7.0,0.0,7.0,0.0,7.0,0.0,7.0,7.0
4376,4376,4376,4376,,0,1016,6.0,0.0,6.0,0.0,6.0,0.0,6.0,0.0,6.0,0.0,6.0,0.0,6.0,7.0
4377,4377,4377,4377,,0,1017,7.0,0.0,7.0,0.0,7.0,0.0,7.0,0.0,7.0,0.0,7.0,0.0,7.0,7.0
4378,4378,4378,4378,,0,1018,7.0,0.0,7.0,0.0,7.0,0.0,7.0,0.0,7.0,0.0,7.0,0.0,7.0,7.0
4379,4379,4379,4379,,2,49,8.0,0.0,8.0,0.0,8.0,0.0,8.0,0.0,8.0,0.0,8.0,0.0,8.0,8.0
4380,4380,4380,4380,,3,35,6.0,1.0,6.0,0.0,6.0,1.0,6.0,1.0,6.0,0.0,6.0,1.0,6.0,6.0
4381,4381,4381,4381,,3,272,8.0,1.0,8.0,0.0,8.0,1.0,8.0,1.0,8.0,0.0,8.0,1.0,8.0,8.0
4382,4382,4382,4382,,1,42,7.0,0.0,7.0,0.0,7.0,0.0,7.0,0.0,7.0,0.0,7.0,0.0,7.0,7.0
4383,4383,4383,4383,,0,1019,5.0,0.0,5.0,0.0,5.0,0.0,5.0,0.0,5.0,0.0,5.0,0.0,5.0,5.0
4384,4384,4384,4384,,0,1020,3.0,0.0,3.0,0.0,3.0,0.0,3.0,0.0,3.0,0.0,3.0,0.0,3.0,3.0
4385,4385,4385,4385,,1,345,4.0,0.0,4.0,0.0,4.0,0.0,4.0,1.0,4.0,0.0,4.0,0.0,4.0,5.0
4386,4386,4386,4386,,0,1021,7.0,0.0,7.0,0.0,7.0,0.0,7.0,0.0,7.0,0.0,7.0,0.0,7.0,7.0
4387,4387,4387,4387,,0,1022,6.0,0.0,6.0,0.0,6.0,0.0,6.0,0.0,6.0,0.0,6.0,0.0,6.0,7.0
4388,4388,4388,4388,,0,1023,5.0,0.0,5.0,0.0,5.0,0.0,5.0,0.0,5.0,0.0,5.0,0.0,5.0,5.0
4389,4389,4389,4389,,0,1024,3.0,0.0,3.0,0.0,3.0,0.0,3.0,0.0,3.0,0.0,3.0,0.0,3.0,4.0
4390,4390,4390,4390,,2,708,6.0,0.0,6.0,0.0,6.0,0.0,6.0,0.0,6.0,0.0,6.0,0.0,6.0,6.0
4391,4391,4391,4391,,0,1025,6.0,0.0,6.0,0.0,6.0,0.0,6.0,0.0,6.0,0.0,6.0,0.0,6.0,6.0
4392,4392,4392,4392,,0,1026,6.0,0.0,6.0,0.0,6.0,0.0,6.0,0.0,6.0,0.0,6.0,0.0,6.0,7.0
4393,4393,4393,4393,,10,217,5.0,1.0,5.0,1.0,5.0,2.0,5.0,1.0,5.0,0.0,5.0,1.0,5.0,6.0
4394,4394,4394,4394,,0,1027,6.0,0.0,6.0,0.0,6.0,0.0,6.0,0.0,6.0,0.0,6.0,0.0,6.0,6.0
4395,4395,4395,4395,,0,1028,6.0,0.0,6.0,0.0,6.0,0.0,6.0,0.0,6.0,0.0,6.0,0.0,6.0,7.0
4396,4396,4396,4396,,0,1029,4.0,0.0,4.0,0.0,4.0,0.0,4.0,0.0,4.0,0.0,4.0,0.0,4.0,5.0
4397,4397,4397,4397,,0,1030,6.0,0.0,6.0,0.0,6.0,0.0,6.0,0.0,6.0,0.0,6.0,0.0,6.0,6.0
4398,4398,4398,4398,,0,1031,5.0,0.0,5.0,0.0,5.0,0.0,5.0,0.0,5.0,0.0,5.0,0.0,5.0,5.0
4399,4399,4399,4399,,0,1032,7.0,0.0,7.0,0.0,7.0,0.0,7.0,0.0,7.0,0.0,7.0,0.0,7.0,7.0
4400,4400,4400,4400,,1,768,0.0,0.0,0.0,0.0,0.0,0.0,0.0,0.0,0.0,0.0,0.0,0.0,0.0,2.0
4401,4401,4401,4401,,0,1033,5.0,0.0,5.0,0.0,5.0,0.0,5.0,0.0,5.0,0.0,5.0,0.0,5.0,6.0
4402,4402,4402,4402,,2,167,3.0,0.0,3.0,0.0,3.0,0.0,3.0,0.0,3.0,0.0,3.0,0.0,3.0,4.0
4403,4403,4403,4403,,0,1034,8.0,0.0,8.0,0.0,8.0,0.0,8.0,0.0,8.0,0.0,8.0,0.0,8.0,8.0
4404,4404,4404,4404,,0,1035,6.0,0.0,6.0,0.0,6.0,0.0,6.0,0.0,6.0,0.0,6.0,0.0,6.0,6.0
4405,4405,4405,4405,,0,1036,8.0,0.0,8.0,0.0,8.0,0.0,8.0,0.0,8.0,0.0,8.0,0.0,8.0,8.0
4406,4406,4406,4406,,0,1037,6.0,0.0,6.0,0.0,6.0,0.0,6.0,0.0,6.0,0.0,6.0,0.0,6.0,6.0
4407,4407,4407,4407,,0,1038,5.0,0.0,5.0,0.0,5.0,0.0,5.0,0.0,5.0,0.0,5.0,0.0,5.0,5.0
4408,4408,4408,4408,,0,1039,5.0,0.0,5.0,0.0,5.0,0.0,5.0,0.0,5.0,0.0,5.0,0.0,5.0,7.0
4409,4409,4409,4409,,0,1040,4.0,0.0,4.0,0.0,4.0,0.0,4.0,0.0,4.0,0.0,4.0,0.0,4.0,4.0
4410,4410,4410,4410,,2,387,6.0,0.0,6.0,0.0,6.0,0.0,6.0,0.0,6.0,0.0,6.0,0.0,6.0,6.0
4411,4411,4411,4411,,0,1041,6.0,0.0,6.0,0.0,6.0,0.0,6.0,0.0,6.0,0.0,6.0,0.0,6.0,6.0
4412,4412,4412,4412,,0,1042,6.0,0.0,6.0,0.0,6.0,0.0,6.0,0.0,6.0,0.0,6.0,0.0,6.0,6.0
4413,4413,4413,4413,,0,1043,5.0,0.0,5.0,0.0,5.0,0.0,5.0,0.0,5.0,0.0,5.0,0.0,5.0,5.0
4414,4414,4414,4414,,0,1044,5.0,0.0,5.0,0.0,5.0,0.0,5.0,0.0,5.0,0.0,5.0,0.0,5.0,5.0
4415,4415,4415,4415,,5,315,5.0,0.0,5.0,0.0,5.0,0.0,5.0,0.0,5.0,0.0,5.0,0.0,5.0,5.0
4416,4416,4416,4416,,0,1045,8.0,0.0,8.0,0.0,8.0,0.0,8.0,0.0,8.0,0.0,8.0,0.0,8.0,8.0
4417,4417,4417,4417,,0,1046,6.0,0.0,6.0,0.0,6.0,0.0,6.0,0.0,6.0,0.0,6.0,0.0,6.0,6.0
4418,4418,4418,4418,,0,1047,5.0,0.0,5.0,0.0,5.0,0.0,5.0,0.0,5.0,0.0,5.0,0.0,5.0,5.0
4419,4419,4419,4419,,0,1048,3.0,0.0,3.0,0.0,3.0,0.0,3.0,0.0,3.0,0.0,3.0,0.0,3.0,4.0
4420,4420,4420,4420,,5,218,5.0,1.0,5.0,0.0,5.0,0.0,5.0,0.0,5.0,0.0,5.0,0.0,5.0,5.0
4421,4421,4421,4421,,0,1049,6.0,0.0,6.0,0.0,6.0,0.0,6.0,0.0,6.0,0.0,6.0,0.0,6.0,6.0
4422,4422,4422,4422,,0,1050,5.0,0.0,5.0,0.0,5.0,0.0,5.0,0.0,5.0,0.0,5.0,0.0,5.0,5.0
4423,4423,4423,4423,,0,1051,7.0,0.0,7.0,0.0,7.0,0.0,7.0,0.0,7.0,0.0,7.0,0.0,7.0,7.0
4424,4424,4424,4424,,0,1052,4.0,0.0,4.0,0.0,4.0,0.0,4.0,0.0,4.0,0.0,4.0,0.0,4.0,4.0
4425,4425,4425,4425,,0,1053,4.0,0.0,4.0,0.0,4.0,0.0,4.0,0.0,4.0,0.0,4.0,0.0,4.0,4.0
4426,4426,4426,4426,,0,1054,4.0,0.0,4.0,0.0,4.0,0.0,4.0,0.0,4.0,0.0,4.0,0.0,4.0,4.0
4427,4427,4427,4427,,0,1055,7.0,0.0,7.0,0.0,7.0,0.0,7.0,0.0,7.0,0.0,7.0,0.0,7.0,7.0
4428,4428,4428,4428,,2,49,6.0,0.0,6.0,0.0,6.0,0.0,6.0,0.0,6.0,0.0,6.0,0.0,6.0,6.0
4429,4429,4429,4429,,0,1056,6.0,0.0,6.0,0.0,6.0,0.0,6.0,0.0,6.0,0.0,6.0,0.0,6.0,6.0
4430,4430,4430,4430,,0,1057,5.0,0.0,5.0,0.0,5.0,0.0,5.0,0.0,5.0,0.0,5.0,0.0,5.0,5.0
4431,4431,4431,4431,,0,1058,7.0,0.0,7.0,0.0,7.0,0.0,7.0,0.0,7.0,0.0,7.0,0.0,7.0,7.0
4432,4432,4432,4432,,2,42,8.0,0.0,8.0,0.0,8.0,0.0,8.0,0.0,8.0,0.0,8.0,0.0,8.0,8.0
4433,4433,4433,4433,,2,218,5.0,0.0,5.0,1.0,5.0,0.0,5.0,0.0,5.0,0.0,5.0,0.0,5.0,6.0
4434,4434,4434,4434,,0,1059,7.0,0.0,7.0,0.0,7.0,0.0,7.0,0.0,7.0,0.0,7.0,0.0,7.0,7.0
4435,4435,4435,4435,,0,1060,5.0,0.0,5.0,0.0,5.0,0.0,5.0,0.0,5.0,0.0,5.0,0.0,5.0,5.0
4436,4436,4436,4436,,3,49,7.0,0.0,7.0,0.0,7.0,0.0,7.0,0.0,7.0,0.0,7.0,0.0,7.0,7.0
4437,4437,4437,4437,,2,16,6.0,1.0,6.0,0.0,6.0,0.0,6.0,1.0,6.0,0.0,6.0,0.0,6.0,7.0
4438,4438,4438,4438,,0,1061,7.0,0.0,7.0,0.0,7.0,0.0,7.0,0.0,7.0,0.0,7.0,0.0,7.0,7.0
4439,4439,4439,4439,,3,217,7.0,0.0,7.0,0.0,7.0,0.0,7.0,0.0,7.0,0.0,7.0,0.0,7.0,7.0
4440,4440,4440,4440,,1,375,6.0,0.0,6.0,0.0,6.0,0.0,6.0,0.0,6.0,0.0,6.0,0.0,6.0,6.0
4441,4441,4441,4441,,3,34,7.0,0.0,7.0,0.0,7.0,0.0,7.0,0.0,7.0,0.0,7.0,0.0,7.0,7.0
4442,4442,4442,4442,,0,1062,7.0,0.0,7.0,0.0,7.0,0.0,7.0,0.0,7.0,0.0,7.0,0.0,7.0,7.0
4443,4443,4443,4443,,1,1116,7.0,0.0,7.0,0.0,7.0,0.0,7.0,0.0,7.0,0.0,7.0,0.0,7.0,7.0
4444,4444,4444,4444,,0,1063,0.0,0.0,0.0,0.0,0.0,0.0,0.0,0.0,0.0,0.0,0.0,0.0,0.0,0.0
4445,4445,4445,4445,,0,1064,5.0,0.0,5.0,0.0,5.0,0.0,5.0,0.0,5.0,0.0,5.0,0.0,5.0,5.0
4446,4446,4446,4446,,3,389,6.0,0.0,6.0,0.0,6.0,0.0,6.0,0.0,6.0,0.0,6.0,0.0,6.0,6.0
4447,4447,4447,4447,,1,35,6.0,0.0,6.0,0.0,6.0,0.0,6.0,0.0,6.0,0.0,6.0,0.0,6.0,7.0
4448,4448,4448,4448,,0,1065,5.0,0.0,5.0,0.0,5.0,0.0,5.0,0.0,5.0,0.0,5.0,0.0,5.0,5.0
4449,4449,4449,4449,,1,648,7.0,0.0,7.0,0.0,7.0,0.0,7.0,0.0,7.0,0.0,7.0,0.0,7.0,7.0
4450,4450,4450,4450,,10,166,5.0,1.0,5.0,0.0,5.0,0.0,5.0,1.0,5.0,0.0,5.0,1.0,5.0,6.0
4451,4451,4451,4451,,0,1066,2.0,0.0,2.0,0.0,2.0,0.0,2.0,0.0,2.0,0.0,2.0,0.0,2.0,3.0
4452,4452,4452,4452,,0,1067,8.0,0.0,8.0,0.0,8.0,0.0,8.0,0.0,8.0,0.0,8.0,0.0,8.0,8.0
4453,4453,4453,4453,,0,1068,7.0,0.0,7.0,0.0,7.0,0.0,7.0,0.0,7.0,0.0,7.0,0.0,7.0,7.0
4454,4454,4454,4454,,2,769,7.0,0.0,7.0,0.0,7.0,0.0,7.0,0.0,7.0,0.0,7.0,0.0,7.0,7.0
4455,4455,4455,4455,,1,49,6.0,0.0,6.0,0.0,6.0,0.0,6.0,0.0,6.0,0.0,6.0,0.0,6.0,6.0
4456,4456,4456,4456,,1,546,8.0,0.0,8.0,0.0,8.0,0.0,8.0,0.0,8.0,0.0,8.0,0.0,8.0,8.0
4457,4457,4457,4457,,0,1069,8.0,0.0,8.0,0.0,8.0,0.0,8.0,0.0,8.0,0.0,8.0,0.0,8.0,8.0
4458,4458,4458,4458,,0,1070,0.0,0.0,0.0,0.0,0.0,0.0,0.0,0.0,0.0,0.0,0.0,0.0,0.0,0.0
4459,4459,4459,4459,,0,1071,8.0,0.0,8.0,0.0,8.0,0.0,8.0,0.0,8.0,0.0,8.0,0.0,8.0,8.0
4460,4460,4460,4460,,4,272,6.0,0.0,6.0,0.0,6.0,0.0,6.0,0.0,6.0,0.0,6.0,0.0,6.0,7.0
4461,4461,4461,4461,,0,1072,7.0,0.0,7.0,0.0,7.0,0.0,7.0,0.0,7.0,0.0,7.0,0.0,7.0,7.0
4462,4462,4462,4462,,0,1073,0.0,0.0,0.0,0.0,0.0,0.0,0.0,0.0,0.0,0.0,0.0,0.0,0.0,1.0
4463,4463,4463,4463,,3,49,4.0,0.0,4.0,0.0,4.0,0.0,4.0,0.0,4.0,0.0,4.0,0.0,4.0,4.0
4464,4464,4464,4464,,1,217,6.0,0.0,6.0,0.0,6.0,0.0,6.0,0.0,6.0,0.0,6.0,0.0,6.0,6.0
4465,4465,4465,4465,,0,1074,7.0,0.0,7.0,0.0,7.0,0.0,7.0,0.0,7.0,0.0,7.0,0.0,7.0,7.0
4466,4466,4466,4466,,0,1075,6.0,0.0,6.0,0.0,6.0,0.0,6.0,0.0,6.0,0.0,6.0,0.0,6.0,6.0
4467,4467,4467,4467,,12,60,7.0,1.0,7.0,1.0,7.0,1.0,7.0,2.0,7.0,1.0,7.0,2.0,7.0,7.0
4468,4468,4468,4468,,0,1076,8.0,0.0,8.0,0.0,8.0,0.0,8.0,0.0,8.0,0.0,8.0,0.0,8.0,8.0
4469,4469,4469,4469,,3,166,7.0,2.0,7.0,0.0,7.0,0.0,7.0,1.0,7.0,0.0,7.0,0.0,7.0,7.0
4470,4470,4470,4470,,6,218,7.0,1.0,7.0,0.0,7.0,0.0,7.0,1.0,7.0,0.0,7.0,0.0,7.0,7.0
4471,4471,4471,4471,,7,42,8.0,1.0,8.0,1.0,8.0,1.0,8.0,2.0,8.0,0.0,8.0,1.0,8.0,8.0
4472,4472,4472,4472,,1,1275,6.0,0.0,6.0,0.0,6.0,0.0,6.0,0.0,6.0,0.0,6.0,0.0,6.0,6.0
4473,4473,4473,4473,,2,708,5.0,0.0,5.0,0.0,5.0,0.0,5.0,0.0,5.0,0.0,5.0,0.0,5.0,6.0
4474,4474,4474,4474,,6,60,8.0,0.0,8.0,0.0,8.0,0.0,8.0,0.0,8.0,0.0,8.0,0.0,8.0,8.0
4475,4475,4475,4475,,2,218,6.0,0.0,6.0,0.0,6.0,0.0,6.0,0.0,6.0,0.0,6.0,0.0,6.0,6.0
4476,4476,4476,4476,,6,375,5.0,1.0,5.0,0.0,5.0,0.0,5.0,1.0,5.0,0.0,5.0,0.0,5.0,5.0
4477,4477,4477,4477,,3,92,6.0,0.0,6.0,0.0,6.0,0.0,6.0,0.0,6.0,0.0,6.0,0.0,6.0,6.0
4478,4478,4478,4478,,0,1077,4.0,0.0,4.0,0.0,4.0,0.0,4.0,0.0,4.0,0.0,4.0,0.0,4.0,4.0
4479,4479,4479,4479,,7,60,8.0,0.0,8.0,0.0,8.0,0.0,8.0,0.0,8.0,0.0,8.0,0.0,8.0,8.0
4480,4480,4480,4480,,1,497,8.0,0.0,8.0,0.0,8.0,0.0,8.0,0.0,8.0,0.0,8.0,0.0,8.0,8.0
4481,4481,4481,4481,,0,1078,6.0,0.0,6.0,0.0,6.0,0.0,6.0,0.0,6.0,0.0,6.0,0.0,6.0,6.0
4482,4482,4482,4482,,1,636,7.0,0.0,7.0,0.0,7.0,0.0,7.0,0.0,7.0,0.0,7.0,0.0,7.0,7.0
4483,4483,4483,4483,,0,1079,7.0,0.0,7.0,0.0,7.0,0.0,7.0,0.0,7.0,0.0,7.0,0.0,7.0,7.0
4484,4484,4484,4484,,0,1080,6.0,0.0,6.0,0.0,6.0,0.0,6.0,0.0,6.0,0.0,6.0,0.0,6.0,6.0
4485,4485,4485,4485,,4,49,7.0,0.0,7.0,0.0,7.0,0.0,7.0,0.0,7.0,0.0,7.0,0.0,7.0,7.0
4486,4486,4486,4486,,0,1081,0.0,0.0,0.0,0.0,0.0,0.0,0.0,0.0,0.0,0.0,0.0,0.0,0.0,2.0
4487,4487,4487,4487,,0,1082,0.0,0.0,0.0,0.0,0.0,0.0,0.0,0.0,0.0,0.0,0.0,0.0,0.0,3.0
4488,4488,4488,4488,,0,1083,5.0,0.0,5.0,0.0,5.0,0.0,5.0,0.0,5.0,0.0,5.0,0.0,5.0,5.0
4489,4489,4489,4489,,1,534,5.0,0.0,5.0,0.0,5.0,0.0,5.0,0.0,5.0,0.0,5.0,0.0,5.0,5.0
4490,4490,4490,4490,,0,1084,6.0,0.0,6.0,0.0,6.0,0.0,6.0,0.0,6.0,0.0,6.0,0.0,6.0,6.0
4491,4491,4491,4491,,0,1085,0.0,0.0,0.0,0.0,0.0,0.0,0.0,0.0,0.0,0.0,0.0,0.0,0.0,0.0
4492,4492,4492,4492,,0,1086,6.0,0.0,6.0,0.0,6.0,0.0,6.0,0.0,6.0,0.0,6.0,0.0,6.0,6.0
4493,4493,4493,4493,,0,1087,5.0,0.0,5.0,0.0,5.0,0.0,5.0,0.0,5.0,0.0,5.0,0.0,5.0,5.0
4494,4494,4494,4494,,1,49,5.0,0.0,5.0,0.0,5.0,0.0,5.0,0.0,5.0,0.0,5.0,0.0,5.0,6.0
4495,4495,4495,4495,,0,1088,7.0,0.0,7.0,0.0,7.0,0.0,7.0,0.0,7.0,0.0,7.0,0.0,7.0,7.0
4496,4496,4496,4496,,1,278,6.0,0.0,6.0,0.0,6.0,0.0,6.0,0.0,6.0,0.0,6.0,0.0,6.0,6.0
4497,4497,4497,4497,,0,1089,7.0,0.0,7.0,0.0,7.0,0.0,7.0,0.0,7.0,0.0,7.0,0.0,7.0,7.0
4498,4498,4498,4498,,6,387,6.0,0.0,6.0,0.0,6.0,0.0,6.0,0.0,6.0,0.0,6.0,0.0,6.0,6.0
4499,4499,4499,4499,,1,830,6.0,0.0,6.0,0.0,6.0,0.0,6.0,0.0,6.0,0.0,6.0,0.0,6.0,7.0
4500,4500,4500,4500,,0,1090,0.0,0.0,0.0,0.0,0.0,0.0,0.0,0.0,0.0,0.0,0.0,0.0,0.0,0.0
4501,4501,4501,4501,,0,1091,6.0,0.0,6.0,0.0,6.0,0.0,6.0,0.0,6.0,0.0,6.0,0.0,6.0,6.0
4502,4502,4502,4502,,0,1092,3.0,0.0,3.0,0.0,3.0,0.0,3.0,0.0,3.0,0.0,3.0,0.0,3.0,4.0
4503,4503,4503,4503,,0,1093,5.0,0.0,5.0,0.0,5.0,0.0,5.0,0.0,5.0,0.0,5.0,0.0,5.0,5.0
4504,4504,4504,4504,,0,1094,0.0,0.0,0.0,0.0,0.0,0.0,0.0,0.0,0.0,0.0,0.0,0.0,0.0,0.0
4505,4505,4505,4505,,0,1095,6.0,0.0,6.0,0.0,6.0,0.0,6.0,0.0,6.0,0.0,6.0,0.0,6.0,6.0
4506,4506,4506,4506,,0,1096,5.0,0.0,5.0,0.0,5.0,0.0,5.0,0.0,5.0,0.0,5.0,0.0,5.0,5.0
4507,4507,4507,4507,,4,387,7.0,0.0,7.0,0.0,7.0,0.0,7.0,0.0,7.0,0.0,7.0,0.0,7.0,7.0
4508,4508,4508,4508,,0,1097,0.0,0.0,0.0,0.0,0.0,0.0,0.0,0.0,0.0,0.0,0.0,0.0,0.0,0.0
4509,4509,4509,4509,,0,1098,5.0,0.0,5.0,0.0,5.0,0.0,5.0,0.0,5.0,0.0,5.0,0.0,5.0,5.0
4510,4510,4510,4510,,0,1099,6.0,0.0,6.0,0.0,6.0,0.0,6.0,0.0,6.0,0.0,6.0,0.0,6.0,6.0
4511,4511,4511,4511,,3,1239,7.0,0.0,7.0,0.0,7.0,0.0,7.0,0.0,7.0,0.0,7.0,0.0,7.0,7.0
4512,4512,4512,4512,,1,1163,4.0,0.0,4.0,0.0,4.0,0.0,4.0,0.0,4.0,0.0,4.0,0.0,4.0,4.0
4513,4513,4513,4513,,0,1100,6.0,0.0,6.0,0.0,6.0,0.0,6.0,0.0,6.0,0.0,6.0,0.0,6.0,7.0
4514,4514,4514,4514,,29,142,5.0,1.0,5.0,1.0,5.0,1.0,5.0,1.0,5.0,1.0,5.0,1.0,5.0,5.0
4515,4515,4515,4515,,0,1101,6.0,0.0,6.0,0.0,6.0,0.0,6.0,0.0,6.0,0.0,6.0,0.0,6.0,6.0
4516,4516,4516,4516,,0,1102,6.0,0.0,6.0,0.0,6.0,0.0,6.0,0.0,6.0,0.0,6.0,0.0,6.0,6.0
4517,4517,4517,4517,,0,1103,7.0,0.0,7.0,0.0,7.0,0.0,7.0,0.0,7.0,0.0,7.0,0.0,7.0,7.0
4518,4518,4518,4518,,6,345,7.0,0.0,7.0,0.0,7.0,0.0,7.0,1.0,7.0,0.0,7.0,0.0,7.0,8.0
4519,4519,4519,4519,,0,1104,6.0,0.0,6.0,0.0,6.0,0.0,6.0,0.0,6.0,0.0,6.0,0.0,6.0,6.0
4520,4520,4520,4520,,0,1105,7.0,0.0,7.0,0.0,7.0,0.0,7.0,0.0,7.0,0.0,7.0,0.0,7.0,7.0
4521,4521,4521,4521,,0,1106,8.0,0.0,8.0,0.0,8.0,0.0,8.0,0.0,8.0,0.0,8.0,0.0,8.0,8.0
4522,4522,4522,4522,,1,1109,8.0,0.0,8.0,0.0,8.0,0.0,8.0,0.0,8.0,0.0,8.0,0.0,8.0,8.0
4523,4523,4523,4523,,0,1107,6.0,0.0,6.0,0.0,6.0,0.0,6.0,0.0,6.0,0.0,6.0,0.0,6.0,6.0
4524,4524,4524,4524,,0,1108,7.0,0.0,7.0,0.0,7.0,0.0,7.0,0.0,7.0,0.0,7.0,0.0,7.0,7.0
4525,4525,4525,4525,,1,1180,6.0,0.0,6.0,0.0,6.0,0.0,6.0,0.0,6.0,0.0,6.0,0.0,6.0,6.0
4526,4526,4526,4526,,1,1109,5.0,0.0,5.0,0.0,5.0,0.0,5.0,0.0,5.0,0.0,5.0,0.0,5.0,5.0
4527,4527,4527,4527,,4,142,7.0,0.0,7.0,0.0,7.0,0.0,7.0,0.0,7.0,0.0,7.0,0.0,7.0,7.0
4528,4528,4528,4528,,6,388,7.0,0.0,7.0,0.0,7.0,0.0,7.0,0.0,7.0,0.0,7.0,0.0,7.0,7.0
4529,4529,4529,4529,,1,645,5.0,0.0,5.0,0.0,5.0,0.0,5.0,0.0,5.0,0.0,5.0,0.0,5.0,5.0
4530,4530,4530,4530,,0,1110,4.0,0.0,4.0,0.0,4.0,0.0,4.0,0.0,4.0,0.0,4.0,0.0,4.0,5.0
4531,4531,4531,4531,,0,1111,5.0,0.0,5.0,0.0,5.0,0.0,5.0,0.0,5.0,0.0,5.0,0.0,5.0,6.0
4532,4532,4532,4532,,1,668,6.0,0.0,6.0,0.0,6.0,0.0,6.0,0.0,6.0,0.0,6.0,0.0,6.0,7.0
4533,4533,4533,4533,,2,60,6.0,0.0,6.0,0.0,6.0,0.0,6.0,0.0,6.0,0.0,6.0,0.0,6.0,6.0
4534,4534,4534,4534,,0,1112,7.0,0.0,7.0,0.0,7.0,0.0,7.0,0.0,7.0,0.0,7.0,0.0,7.0,7.0
4535,4535,4535,4535,,1,367,8.0,0.0,8.0,0.0,8.0,0.0,8.0,0.0,8.0,0.0,8.0,0.0,8.0,9.0
4536,4536,4536,4536,,0,1113,7.0,0.0,7.0,0.0,7.0,0.0,7.0,0.0,7.0,0.0,7.0,0.0,7.0,7.0
4537,4537,4537,4537,,0,1114,5.0,0.0,5.0,0.0,5.0,0.0,5.0,0.0,5.0,0.0,5.0,0.0,5.0,5.0
4538,4538,4538,4538,,1,1174,5.0,0.0,5.0,0.0,5.0,0.0,5.0,0.0,5.0,0.0,5.0,0.0,5.0,5.0
4539,4539,4539,4539,,0,1115,6.0,0.0,6.0,0.0,6.0,0.0,6.0,0.0,6.0,0.0,6.0,0.0,6.0,6.0
4540,4540,4540,4540,,1,1116,4.0,0.0,4.0,0.0,4.0,0.0,4.0,0.0,4.0,0.0,4.0,0.0,4.0,4.0
4541,4541,4541,4541,,0,1117,6.0,0.0,6.0,0.0,6.0,0.0,6.0,0.0,6.0,0.0,6.0,0.0,6.0,6.0
4542,4542,4542,4542,,4,166,6.0,0.0,6.0,0.0,6.0,0.0,6.0,0.0,6.0,0.0,6.0,0.0,6.0,6.0
4543,4543,4543,4543,,0,1118,4.0,0.0,4.0,0.0,4.0,0.0,4.0,0.0,4.0,0.0,4.0,0.0,4.0,5.0
4544,4544,4544,4544,,0,1119,5.0,0.0,5.0,0.0,5.0,0.0,5.0,0.0,5.0,0.0,5.0,0.0,5.0,5.0
4545,4545,4545,4545,,0,1120,5.0,0.0,5.0,0.0,5.0,0.0,5.0,0.0,5.0,0.0,5.0,0.0,5.0,5.0
4546,4546,4546,4546,,1,805,7.0,0.0,7.0,0.0,7.0,0.0,7.0,0.0,7.0,0.0,7.0,0.0,7.0,8.0
4547,4547,4547,4547,,0,1121,7.0,0.0,7.0,0.0,7.0,0.0,7.0,0.0,7.0,0.0,7.0,0.0,7.0,7.0
4548,4548,4548,4548,,4,375,5.0,0.0,5.0,0.0,5.0,0.0,5.0,0.0,5.0,0.0,5.0,0.0,5.0,5.0
4549,4549,4549,4549,,56,345,6.0,1.0,6.0,1.0,6.0,2.0,6.0,3.0,6.0,1.0,6.0,2.0,6.0,7.0
4550,4550,4550,4550,,0,1122,0.0,0.0,0.0,0.0,0.0,0.0,0.0,0.0,0.0,0.0,0.0,0.0,0.0,0.0
4551,4551,4551,4551,,0,1123,7.0,0.0,7.0,0.0,7.0,0.0,7.0,0.0,7.0,0.0,7.0,0.0,7.0,7.0
4552,4552,4552,4552,,0,1124,4.0,0.0,4.0,0.0,4.0,0.0,4.0,0.0,4.0,0.0,4.0,0.0,4.0,4.0
4553,4553,4553,4553,,0,1125,0.0,0.0,0.0,0.0,0.0,0.0,0.0,0.0,0.0,0.0,0.0,0.0,0.0,0.0
4554,4554,4554,4554,,0,1126,3.0,0.0,3.0,0.0,3.0,0.0,3.0,0.0,3.0,0.0,3.0,0.0,3.0,5.0
4555,4555,4555,4555,,0,1127,7.0,0.0,7.0,0.0,7.0,0.0,7.0,0.0,7.0,0.0,7.0,0.0,7.0,7.0
4556,4556,4556,4556,,0,1128,0.0,0.0,0.0,0.0,0.0,0.0,0.0,0.0,0.0,0.0,0.0,0.0,0.0,0.0
4557,4557,4557,4557,,0,1129,5.0,0.0,5.0,0.0,5.0,0.0,5.0,0.0,5.0,0.0,5.0,0.0,5.0,5.0
4558,4558,4558,4558,,1,486,6.0,0.0,6.0,0.0,6.0,0.0,6.0,0.0,6.0,0.0,6.0,0.0,6.0,6.0
4559,4559,4559,4559,,0,1130,0.0,0.0,0.0,0.0,0.0,0.0,0.0,0.0,0.0,0.0,0.0,0.0,0.0,1.0
4560,4560,4560,4560,,1,1192,6.0,0.0,6.0,0.0,6.0,0.0,6.0,0.0,6.0,0.0,6.0,0.0,6.0,6.0
4561,4561,4561,4561,,0,1131,5.0,0.0,5.0,0.0,5.0,0.0,5.0,0.0,5.0,0.0,5.0,0.0,5.0,5.0
4562,4562,4562,4562,,0,1132,2.0,0.0,2.0,0.0,2.0,0.0,2.0,0.0,2.0,0.0,2.0,0.0,2.0,2.0
4563,4563,4563,4563,,2,843,6.0,0.0,6.0,0.0,6.0,0.0,6.0,0.0,6.0,0.0,6.0,0.0,6.0,6.0
4564,4564,4564,4564,,1,491,4.0,0.0,4.0,0.0,4.0,0.0,4.0,0.0,4.0,0.0,4.0,0.0,4.0,4.0
4565,4565,4565,4565,,0,1133,7.0,0.0,7.0,0.0,7.0,0.0,7.0,0.0,7.0,0.0,7.0,0.0,7.0,8.0
4566,4566,4566,4566,,0,1134,2.0,0.0,2.0,0.0,2.0,0.0,2.0,0.0,2.0,0.0,2.0,0.0,2.0,2.0
4567,4567,4567,4567,,0,1135,6.0,0.0,6.0,0.0,6.0,0.0,6.0,0.0,6.0,0.0,6.0,0.0,6.0,6.0
4568,4568,4568,4568,,2,843,6.0,0.0,6.0,0.0,6.0,0.0,6.0,0.0,6.0,0.0,6.0,0.0,6.0,6.0
4569,4569,4569,4569,,0,1136,0.0,0.0,0.0,0.0,0.0,0.0,0.0,0.0,0.0,0.0,0.0,0.0,0.0,1.0
4570,4570,4570,4570,,0,1137,6.0,0.0,6.0,0.0,6.0,0.0,6.0,0.0,6.0,0.0,6.0,0.0,6.0,6.0
4571,4571,4571,4571,,0,1138,8.0,0.0,8.0,0.0,8.0,0.0,8.0,0.0,8.0,0.0,8.0,0.0,8.0,8.0
4572,4572,4572,4572,,1,773,7.0,0.0,7.0,0.0,7.0,0.0,7.0,0.0,7.0,0.0,7.0,0.0,7.0,7.0
4573,4573,4573,4573,,0,1139,7.0,0.0,7.0,0.0,7.0,0.0,7.0,0.0,7.0,0.0,7.0,0.0,7.0,7.0
4574,4574,4574,4574,,0,1140,4.0,0.0,4.0,0.0,4.0,0.0,4.0,0.0,4.0,0.0,4.0,0.0,4.0,4.0
4575,4575,4575,4575,,1,453,7.0,0.0,7.0,0.0,7.0,0.0,7.0,0.0,7.0,0.0,7.0,0.0,7.0,7.0
4576,4576,4576,4576,,1,637,7.0,0.0,7.0,0.0,7.0,0.0,7.0,0.0,7.0,0.0,7.0,0.0,7.0,7.0
4577,4577,4577,4577,,6,388,6.0,0.0,6.0,0.0,6.0,0.0,6.0,1.0,6.0,1.0,6.0,0.0,6.0,6.0
4578,4578,4578,4578,,1,803,7.0,0.0,7.0,0.0,7.0,0.0,7.0,0.0,7.0,0.0,7.0,0.0,7.0,7.0
4579,4579,4579,4579,,7,49,8.0,1.0,8.0,0.0,8.0,0.0,8.0,1.0,8.0,0.0,8.0,0.0,8.0,8.0
4580,4580,4580,4580,,1,49,7.0,0.0,7.0,0.0,7.0,0.0,7.0,0.0,7.0,0.0,7.0,0.0,7.0,7.0
4581,4581,4581,4581,,0,1141,1.0,0.0,1.0,0.0,1.0,0.0,1.0,0.0,1.0,0.0,1.0,0.0,1.0,1.0
4582,4582,4582,4582,,11,217,8.0,1.0,8.0,1.0,8.0,2.0,8.0,2.0,8.0,0.0,8.0,1.0,8.0,8.0
4583,4583,4583,4583,,0,1142,4.0,0.0,4.0,0.0,4.0,0.0,4.0,0.0,4.0,0.0,4.0,0.0,4.0,4.0
4584,4584,4584,4584,,0,1143,5.0,0.0,5.0,0.0,5.0,0.0,5.0,0.0,5.0,0.0,5.0,0.0,5.0,5.0
4585,4585,4585,4585,,0,1144,7.0,0.0,7.0,0.0,7.0,0.0,7.0,0.0,7.0,0.0,7.0,0.0,7.0,7.0
4586,4586,4586,4586,,65,345,6.0,1.0,6.0,2.0,6.0,2.0,6.0,3.0,6.0,1.0,6.0,2.0,6.0,6.0
4587,4587,4587,4587,,0,1145,6.0,0.0,6.0,0.0,6.0,0.0,6.0,0.0,6.0,0.0,6.0,0.0,6.0,6.0
4588,4588,4588,4588,,9,49,7.0,0.0,7.0,0.0,7.0,0.0,7.0,0.0,7.0,0.0,7.0,0.0,7.0,7.0
4589,4589,4589,4589,,0,1146,0.0,0.0,0.0,0.0,0.0,0.0,0.0,0.0,0.0,0.0,0.0,0.0,0.0,0.0
4590,4590,4590,4590,,0,1147,6.0,0.0,6.0,0.0,6.0,0.0,6.0,0.0,6.0,0.0,6.0,0.0,6.0,6.0
4591,4591,4591,4591,,0,1148,8.0,0.0,8.0,0.0,8.0,0.0,8.0,0.0,8.0,0.0,8.0,0.0,8.0,8.0
4592,4592,4592,4592,,0,1149,7.0,0.0,7.0,0.0,7.0,0.0,7.0,0.0,7.0,0.0,7.0,0.0,7.0,7.0
4593,4593,4593,4593,,0,1150,6.0,0.0,6.0,0.0,6.0,0.0,6.0,0.0,6.0,0.0,6.0,0.0,6.0,7.0
4594,4594,4594,4594,,0,1151,5.0,0.0,5.0,0.0,5.0,0.0,5.0,0.0,5.0,0.0,5.0,0.0,5.0,5.0
4595,4595,4595,4595,,11,217,7.0,1.0,7.0,9.0,8.0,3.0,8.0,3.0,8.0,1.0,8.0,2.0,8.0,8.0
4596,4596,4596,4596,,0,1152,6.0,0.0,6.0,0.0,6.0,0.0,6.0,0.0,6.0,0.0,6.0,0.0,6.0,6.0
4597,4597,4597,4597,,0,1153,5.0,0.0,5.0,0.0,5.0,0.0,5.0,0.0,5.0,0.0,5.0,0.0,5.0,5.0
4598,4598,4598,4598,,0,1154,7.0,0.0,7.0,0.0,7.0,0.0,7.0,0.0,7.0,0.0,7.0,0.0,7.0,7.0
4599,4599,4599,4599,,24,42,5.0,1.0,5.0,1.0,5.0,1.0,5.0,1.0,5.0,0.0,5.0,1.0,5.0,6.0
4600,4600,4600,4600,,0,1155,7.0,0.0,7.0,0.0,7.0,0.0,7.0,0.0,7.0,0.0,7.0,0.0,7.0,7.0
4601,4601,4601,4601,,0,1156,5.0,0.0,5.0,0.0,5.0,0.0,5.0,0.0,5.0,0.0,5.0,0.0,5.0,5.0
4602,4602,4602,4602,,6,218,8.0,0.0,8.0,0.0,8.0,0.0,8.0,0.0,8.0,0.0,8.0,0.0,8.0,8.0
4603,4603,4603,4603,,0,1157,8.0,0.0,8.0,0.0,8.0,0.0,8.0,0.0,8.0,0.0,8.0,0.0,8.0,8.0
4604,4604,4604,4604,,5,60,8.0,0.0,8.0,0.0,8.0,0.0,8.0,0.0,8.0,0.0,8.0,0.0,8.0,8.0
4605,4605,4605,4605,,0,1158,7.0,0.0,7.0,0.0,7.0,0.0,7.0,0.0,7.0,0.0,7.0,0.0,7.0,7.0
4606,4606,4606,4606,,7,166,8.0,0.0,8.0,0.0,8.0,0.0,8.0,0.0,8.0,0.0,8.0,0.0,8.0,8.0
4607,4607,4607,4607,,2,120,6.0,0.0,6.0,0.0,6.0,0.0,6.0,0.0,6.0,0.0,6.0,0.0,6.0,6.0
4608,4608,4608,4608,,0,1159,6.0,0.0,6.0,0.0,6.0,0.0,6.0,0.0,6.0,0.0,6.0,0.0,6.0,7.0
4609,4609,4609,4609,,1,586,6.0,0.0,6.0,0.0,6.0,0.0,6.0,0.0,6.0,0.0,6.0,0.0,6.0,6.0
4610,4610,4610,4610,,1,63,6.0,0.0,6.0,0.0,6.0,0.0,6.0,0.0,6.0,0.0,6.0,0.0,6.0,7.0
4611,4611,4611,4611,,0,1160,0.0,0.0,0.0,0.0,0.0,0.0,0.0,0.0,0.0,0.0,0.0,0.0,0.0,0.0
4612,4612,4612,4612,,1,856,6.0,0.0,6.0,0.0,6.0,0.0,6.0,0.0,6.0,0.0,6.0,0.0,6.0,6.0
4613,4613,4613,4613,,6,49,6.0,0.0,6.0,0.0,6.0,0.0,6.0,0.0,6.0,0.0,6.0,0.0,6.0,7.0
4614,4614,4614,4614,,0,1161,5.0,0.0,5.0,0.0,5.0,0.0,5.0,0.0,5.0,0.0,5.0,0.0,5.0,5.0
4615,4615,4615,4615,,2,917,8.0,0.0,8.0,0.0,8.0,0.0,8.0,0.0,8.0,0.0,8.0,0.0,8.0,8.0
4616,4616,4616,4616,,0,1162,7.0,0.0,7.0,0.0,7.0,0.0,7.0,0.0,7.0,0.0,7.0,0.0,7.0,7.0
4617,4617,4617,4617,,1,1163,6.0,0.0,6.0,0.0,6.0,0.0,6.0,0.0,6.0,0.0,6.0,0.0,6.0,6.0
4618,4618,4618,4618,,0,1164,7.0,0.0,7.0,0.0,7.0,0.0,7.0,0.0,7.0,0.0,7.0,0.0,7.0,7.0
4619,4619,4619,4619,,1,618,3.0,0.0,3.0,0.0,3.0,0.0,3.0,0.0,3.0,0.0,3.0,0.0,3.0,4.0
4620,4620,4620,4620,,0,1165,5.0,0.0,5.0,0.0,5.0,0.0,5.0,0.0,5.0,0.0,5.0,0.0,5.0,6.0
4621,4621,4621,4621,,0,1166,3.0,0.0,3.0,0.0,3.0,0.0,3.0,0.0,3.0,0.0,3.0,0.0,3.0,5.0
4622,4622,4622,4622,,1,272,7.0,0.0,7.0,0.0,7.0,0.0,7.0,0.0,7.0,0.0,7.0,0.0,7.0,7.0
4623,4623,4623,4623,,0,1167,6.0,0.0,6.0,0.0,6.0,0.0,6.0,0.0,6.0,0.0,6.0,0.0,6.0,7.0
4624,4624,4624,4624,,0,1168,7.0,0.0,7.0,0.0,7.0,0.0,7.0,0.0,7.0,0.0,7.0,0.0,7.0,7.0
4625,4625,4625,4625,,0,1169,0.0,0.0,0.0,0.0,0.0,0.0,0.0,0.0,0.0,0.0,0.0,0.0,0.0,1.0
4626,4626,4626,4626,,0,1170,0.0,0.0,0.0,0.0,0.0,0.0,0.0,0.0,0.0,0.0,0.0,0.0,0.0,1.0
4627,4627,4627,4627,,0,1171,6.0,0.0,6.0,0.0,6.0,0.0,6.0,0.0,6.0,0.0,6.0,0.0,6.0,6.0
4628,4628,4628,4628,,1,258,5.0,0.0,5.0,0.0,5.0,0.0,5.0,0.0,5.0,0.0,5.0,0.0,5.0,5.0
4629,4629,4629,4629,,6,387,6.0,0.0,6.0,0.0,6.0,0.0,6.0,0.0,6.0,0.0,6.0,0.0,6.0,6.0
4630,4630,4630,4630,,0,1172,6.0,0.0,6.0,0.0,6.0,0.0,6.0,0.0,6.0,0.0,6.0,0.0,6.0,6.0
4631,4631,4631,4631,,11,35,7.0,1.0,7.0,0.0,7.0,1.0,7.0,1.0,7.0,0.0,7.0,1.0,7.0,7.0
4632,4632,4632,4632,,3,389,6.0,0.0,6.0,0.0,6.0,0.0,6.0,0.0,6.0,0.0,6.0,0.0,6.0,7.0
4633,4633,4633,4633,,0,1173,0.0,0.0,0.0,0.0,0.0,0.0,0.0,0.0,0.0,0.0,0.0,0.0,0.0,0.0
4634,4634,4634,4634,,1,1174,7.0,0.0,7.0,0.0,7.0,0.0,7.0,0.0,7.0,0.0,7.0,0.0,7.0,7.0
4635,4635,4635,4635,,0,1175,6.0,0.0,6.0,0.0,6.0,0.0,6.0,0.0,6.0,0.0,6.0,0.0,6.0,6.0
4636,4636,4636,4636,,2,227,6.0,0.0,6.0,0.0,6.0,0.0,6.0,0.0,6.0,0.0,6.0,0.0,6.0,6.0
4637,4637,4637,4637,,0,1176,5.0,0.0,5.0,0.0,5.0,0.0,5.0,0.0,5.0,0.0,5.0,0.0,5.0,5.0
4638,4638,4638,4638,,0,1177,0.0,0.0,0.0,0.0,0.0,0.0,0.0,0.0,0.0,0.0,0.0,0.0,0.0,0.0
4639,4639,4639,4639,,5,218,7.0,0.0,7.0,0.0,7.0,0.0,7.0,1.0,7.0,0.0,7.0,0.0,7.0,7.0
4640,4640,4640,4640,,0,1178,6.0,0.0,6.0,0.0,6.0,0.0,6.0,0.0,6.0,0.0,6.0,0.0,6.0,6.0
4641,4641,4641,4641,,0,1179,8.0,0.0,8.0,0.0,8.0,0.0,8.0,0.0,8.0,0.0,8.0,0.0,8.0,8.0
4642,4642,4642,4642,,1,1180,5.0,0.0,5.0,0.0,5.0,0.0,5.0,0.0,5.0,0.0,5.0,0.0,5.0,5.0
4643,4643,4643,4643,,1,387,6.0,0.0,6.0,0.0,6.0,0.0,6.0,0.0,6.0,0.0,6.0,0.0,6.0,7.0
4644,4644,4644,4644,,0,1181,3.0,0.0,3.0,0.0,3.0,0.0,3.0,0.0,3.0,0.0,3.0,0.0,3.0,4.0
4645,4645,4645,4645,,1,35,6.0,0.0,6.0,0.0,6.0,0.0,6.0,0.0,6.0,0.0,6.0,0.0,6.0,6.0
4646,4646,4646,4646,,0,1182,7.0,0.0,7.0,0.0,7.0,0.0,7.0,0.0,7.0,0.0,7.0,0.0,7.0,7.0
4647,4647,4647,4647,,5,272,4.0,0.0,4.0,0.0,4.0,0.0,4.0,0.0,4.0,0.0,4.0,0.0,4.0,4.0
4648,4648,4648,4648,,0,1183,6.0,0.0,6.0,0.0,6.0,0.0,6.0,0.0,6.0,0.0,6.0,0.0,6.0,6.0
4649,4649,4649,4649,,3,142,7.0,0.0,7.0,0.0,7.0,0.0,7.0,0.0,7.0,0.0,7.0,0.0,7.0,7.0
4650,4650,4650,4650,,0,1184,7.0,0.0,7.0,0.0,7.0,0.0,7.0,0.0,7.0,0.0,7.0,0.0,7.0,7.0
4651,4651,4651,4651,,0,1185,5.0,0.0,5.0,0.0,5.0,0.0,5.0,0.0,5.0,0.0,5.0,0.0,5.0,5.0
4652,4652,4652,4652,,1,733,6.0,0.0,6.0,0.0,6.0,0.0,6.0,0.0,6.0,0.0,6.0,0.0,6.0,6.0
4653,4653,4653,4653,,0,1186,0.0,0.0,0.0,0.0,0.0,0.0,0.0,0.0,0.0,0.0,0.0,0.0,0.0,1.0
4654,4654,4654,4654,,0,1187,6.0,0.0,6.0,0.0,6.0,0.0,6.0,0.0,6.0,0.0,6.0,0.0,6.0,7.0
4655,4655,4655,4655,,0,1188,6.0,0.0,6.0,0.0,6.0,0.0,6.0,0.0,6.0,0.0,6.0,0.0,6.0,6.0
4656,4656,4656,4656,,0,1189,5.0,0.0,5.0,0.0,5.0,0.0,5.0,0.0,5.0,0.0,5.0,0.0,5.0,5.0
4657,4657,4657,4657,,0,1190,0.0,0.0,0.0,0.0,0.0,0.0,0.0,0.0,0.0,0.0,0.0,0.0,0.0,0.0
4658,4658,4658,4658,,0,1191,4.0,0.0,4.0,0.0,4.0,0.0,4.0,0.0,4.0,0.0,4.0,0.0,4.0,4.0
4659,4659,4659,4659,,1,1192,6.0,0.0,6.0,0.0,6.0,0.0,6.0,0.0,6.0,0.0,6.0,0.0,6.0,6.0
4660,4660,4660,4660,,0,1193,0.0,0.0,0.0,0.0,0.0,0.0,0.0,0.0,0.0,0.0,0.0,0.0,0.0,1.0
4661,4661,4661,4661,,2,567,7.0,0.0,7.0,0.0,7.0,0.0,7.0,0.0,7.0,0.0,7.0,0.0,7.0,7.0
4662,4662,4662,4662,,0,1194,10.0,0.0,10.0,0.0,10.0,0.0,10.0,0.0,10.0,0.0,10.0,0.0,10.0,10.0
4663,4663,4663,4663,,0,1195,8.0,0.0,8.0,0.0,8.0,0.0,8.0,0.0,8.0,0.0,8.0,0.0,8.0,8.0
4664,4664,4664,4664,,9,49,7.0,1.0,7.0,0.0,7.0,0.0,7.0,1.0,7.0,0.0,7.0,0.0,7.0,7.0
4665,4665,4665,4665,,0,1196,0.0,0.0,0.0,0.0,0.0,0.0,0.0,0.0,0.0,0.0,0.0,0.0,0.0,0.0
4666,4666,4666,4666,,0,1197,7.0,0.0,7.0,0.0,7.0,0.0,7.0,0.0,7.0,0.0,7.0,0.0,7.0,7.0
4667,4667,4667,4667,,0,1198,5.0,0.0,5.0,0.0,5.0,0.0,5.0,0.0,5.0,0.0,5.0,0.0,5.0,6.0
4668,4668,4668,4668,,0,1199,4.0,0.0,4.0,0.0,4.0,0.0,4.0,0.0,4.0,0.0,4.0,0.0,4.0,4.0
4669,4669,4669,4669,,0,1200,7.0,0.0,7.0,0.0,7.0,0.0,7.0,0.0,7.0,0.0,7.0,0.0,7.0,7.0
4670,4670,4670,4670,,8,16,7.0,1.0,7.0,1.0,7.0,1.0,7.0,3.0,7.0,0.0,7.0,1.0,7.0,7.0
4671,4671,4671,4671,,8,16,7.0,1.0,7.0,1.0,7.0,1.0,7.0,9.0,8.0,0.0,8.0,1.0,8.0,7.0
4672,4672,4672,4672,,16,799,8.0,0.0,8.0,0.0,8.0,0.0,8.0,0.0,8.0,0.0,8.0,0.0,8.0,8.0
4673,4673,4673,4673,,0,1201,5.0,0.0,5.0,0.0,5.0,0.0,5.0,0.0,5.0,0.0,5.0,0.0,5.0,5.0
4674,4674,4674,4674,,0,1202,0.0,0.0,0.0,0.0,0.0,0.0,0.0,0.0,0.0,0.0,0.0,0.0,0.0,0.0
4675,4675,4675,4675,,0,1203,7.0,0.0,7.0,0.0,7.0,0.0,7.0,0.0,7.0,0.0,7.0,0.0,7.0,7.0
4676,4676,4676,4676,,1,49,7.0,0.0,7.0,0.0,7.0,0.0,7.0,0.0,7.0,0.0,7.0,0.0,7.0,7.0
4677,4677,4677,4677,,4,217,6.0,0.0,6.0,0.0,6.0,0.0,6.0,1.0,6.0,0.0,6.0,0.0,6.0,6.0
4678,4678,4678,4678,,0,1204,8.0,0.0,8.0,0.0,8.0,0.0,8.0,0.0,8.0,0.0,8.0,0.0,8.0,8.0
4679,4679,4679,4679,,0,1205,8.0,0.0,8.0,0.0,8.0,0.0,8.0,0.0,8.0,0.0,8.0,0.0,8.0,8.0
4680,4680,4680,4680,,0,1206,5.0,0.0,5.0,0.0,5.0,0.0,5.0,0.0,5.0,0.0,5.0,0.0,5.0,5.0
4681,4681,4681,4681,,0,1207,6.0,0.0,6.0,0.0,6.0,0.0,6.0,0.0,6.0,0.0,6.0,0.0,6.0,6.0
4682,4682,4682,4682,,0,1208,5.0,0.0,5.0,0.0,5.0,0.0,5.0,0.0,5.0,0.0,5.0,0.0,5.0,5.0
4683,4683,4683,4683,,5,218,6.0,1.0,6.0,0.0,6.0,0.0,6.0,1.0,6.0,0.0,6.0,0.0,6.0,6.0
4684,4684,4684,4684,,0,1209,0.0,0.0,0.0,0.0,0.0,0.0,0.0,0.0,0.0,0.0,0.0,0.0,0.0,0.0
4685,4685,4685,4685,,0,1210,8.0,0.0,8.0,0.0,8.0,0.0,8.0,0.0,8.0,0.0,8.0,0.0,8.0,8.0
4686,4686,4686,4686,,0,1211,8.0,0.0,8.0,0.0,8.0,0.0,8.0,0.0,8.0,0.0,8.0,0.0,8.0,8.0
4687,4687,4687,4687,,0,1212,6.0,0.0,6.0,0.0,6.0,0.0,6.0,0.0,6.0,0.0,6.0,0.0,6.0,6.0
4688,4688,4688,4688,,3,153,8.0,0.0,8.0,0.0,8.0,0.0,8.0,0.0,8.0,0.0,8.0,0.0,8.0,8.0
4689,4689,4689,4689,,0,1213,7.0,0.0,7.0,0.0,7.0,0.0,7.0,0.0,7.0,0.0,7.0,0.0,7.0,7.0
4690,4690,4690,4690,,0,1214,5.0,0.0,5.0,0.0,5.0,0.0,5.0,0.0,5.0,0.0,5.0,0.0,5.0,5.0
4691,4691,4691,4691,,0,1215,6.0,0.0,6.0,0.0,6.0,0.0,6.0,0.0,6.0,0.0,6.0,0.0,6.0,6.0
4692,4692,4692,4692,,0,1216,0.0,0.0,0.0,0.0,0.0,0.0,0.0,0.0,0.0,0.0,0.0,0.0,0.0,1.0
4693,4693,4693,4693,,0,1217,7.0,0.0,7.0,0.0,7.0,0.0,7.0,0.0,7.0,0.0,7.0,0.0,7.0,7.0
4694,4694,4694,4694,,0,1218,0.0,0.0,0.0,0.0,0.0,0.0,0.0,0.0,0.0,0.0,0.0,0.0,0.0,1.0
4695,4695,4695,4695,,0,1219,8.0,0.0,8.0,0.0,8.0,0.0,8.0,0.0,8.0,0.0,8.0,0.0,8.0,8.0
4696,4696,4696,4696,,0,1220,7.0,0.0,7.0,0.0,7.0,0.0,7.0,0.0,7.0,0.0,7.0,0.0,7.0,7.0
4697,4697,4697,4697,,16,668,6.0,0.0,6.0,0.0,6.0,0.0,6.0,0.0,6.0,0.0,6.0,0.0,6.0,6.0
4698,4698,4698,4698,,0,1221,0.0,0.0,0.0,0.0,0.0,0.0,0.0,0.0,0.0,0.0,0.0,0.0,0.0,0.0
4699,4699,4699,4699,,0,1222,0.0,0.0,0.0,0.0,0.0,0.0,0.0,0.0,0.0,0.0,0.0,0.0,0.0,0.0
4700,4700,4700,4700,,3,49,7.0,0.0,7.0,0.0,7.0,0.0,7.0,0.0,7.0,0.0,7.0,0.0,7.0,7.0
4701,4701,4701,4701,,0,1223,5.0,0.0,5.0,0.0,5.0,0.0,5.0,0.0,5.0,0.0,5.0,0.0,5.0,6.0
4702,4702,4702,4702,,0,1224,5.0,0.0,5.0,0.0,5.0,0.0,5.0,0.0,5.0,0.0,5.0,0.0,5.0,5.0
4703,4703,4703,4703,,15,49,6.0,0.0,6.0,0.0,6.0,1.0,6.0,1.0,6.0,0.0,6.0,1.0,6.0,6.0
4704,4704,4704,4704,,1,499,7.0,0.0,7.0,0.0,7.0,0.0,7.0,0.0,7.0,0.0,7.0,0.0,7.0,7.0
4705,4705,4705,4705,,0,1225,5.0,0.0,5.0,0.0,5.0,0.0,5.0,0.0,5.0,0.0,5.0,0.0,5.0,5.0
4706,4706,4706,4706,,0,1226,6.0,0.0,6.0,0.0,6.0,0.0,6.0,0.0,6.0,0.0,6.0,0.0,6.0,6.0
4707,4707,4707,4707,,0,1227,6.0,0.0,6.0,0.0,6.0,0.0,6.0,0.0,6.0,0.0,6.0,0.0,6.0,6.0
4708,4708,4708,4708,,0,1228,0.0,0.0,0.0,0.0,0.0,0.0,0.0,0.0,0.0,0.0,0.0,0.0,0.0,2.0
4709,4709,4709,4709,,0,1229,8.0,0.0,8.0,0.0,8.0,0.0,8.0,0.0,8.0,0.0,8.0,0.0,8.0,8.0
4710,4710,4710,4710,,0,1230,0.0,0.0,0.0,0.0,0.0,0.0,0.0,0.0,0.0,0.0,0.0,0.0,0.0,0.0
4711,4711,4711,4711,,0,1231,7.0,0.0,7.0,0.0,7.0,0.0,7.0,0.0,7.0,0.0,7.0,0.0,7.0,7.0
4712,4712,4712,4712,,0,1232,7.0,0.0,7.0,0.0,7.0,0.0,7.0,0.0,7.0,0.0,7.0,0.0,7.0,7.0
4713,4713,4713,4713,,5,883,7.0,0.0,7.0,0.0,7.0,0.0,7.0,0.0,7.0,0.0,7.0,0.0,7.0,7.0
4714,4714,4714,4714,,0,1233,0.0,0.0,0.0,0.0,0.0,0.0,0.0,0.0,0.0,0.0,0.0,0.0,0.0,1.0
4715,4715,4715,4715,,0,1234,6.0,0.0,6.0,0.0,6.0,0.0,6.0,0.0,6.0,0.0,6.0,0.0,6.0,6.0
4716,4716,4716,4716,,0,1235,0.0,0.0,0.0,0.0,0.0,0.0,0.0,0.0,0.0,0.0,0.0,0.0,0.0,0.0
4717,4717,4717,4717,,0,1236,7.0,0.0,7.0,0.0,7.0,0.0,7.0,0.0,7.0,0.0,7.0,0.0,7.0,7.0
4718,4718,4718,4718,,0,1237,6.0,0.0,6.0,0.0,6.0,0.0,6.0,0.0,6.0,0.0,6.0,0.0,6.0,6.0
4719,4719,4719,4719,,1,917,7.0,0.0,7.0,0.0,7.0,0.0,7.0,0.0,7.0,0.0,7.0,0.0,7.0,7.0
4720,4720,4720,4720,,15,92,7.0,1.0,7.0,1.0,7.0,3.0,7.0,3.0,7.0,1.0,7.0,3.0,7.0,7.0
4721,4721,4721,4721,,0,1238,0.0,0.0,0.0,0.0,0.0,0.0,0.0,0.0,0.0,0.0,0.0,0.0,0.0,0.0
4722,4722,4722,4722,,3,1239,7.0,0.0,7.0,0.0,7.0,0.0,7.0,0.0,7.0,0.0,7.0,0.0,7.0,7.0
4723,4723,4723,4723,,0,1240,5.0,0.0,5.0,0.0,5.0,0.0,5.0,0.0,5.0,0.0,5.0,0.0,5.0,5.0
4724,4724,4724,4724,,4,34,8.0,0.0,8.0,0.0,8.0,0.0,8.0,0.0,8.0,0.0,8.0,0.0,8.0,8.0
4725,4725,4725,4725,,0,1241,6.0,0.0,6.0,0.0,6.0,0.0,6.0,0.0,6.0,0.0,6.0,0.0,6.0,6.0
4726,4726,4726,4726,,2,11,7.0,0.0,7.0,0.0,7.0,0.0,7.0,0.0,7.0,0.0,7.0,0.0,7.0,7.0
4727,4727,4727,4727,,0,1242,5.0,0.0,5.0,0.0,5.0,0.0,5.0,0.0,5.0,0.0,5.0,0.0,5.0,6.0
4728,4728,4728,4728,,0,1243,7.0,0.0,7.0,0.0,7.0,0.0,7.0,0.0,7.0,0.0,7.0,0.0,7.0,7.0
4729,4729,4729,4729,,0,1244,0.0,0.0,0.0,0.0,0.0,0.0,0.0,0.0,0.0,0.0,0.0,0.0,0.0,1.0
4730,4730,4730,4730,,0,1245,6.0,0.0,6.0,0.0,6.0,0.0,6.0,0.0,6.0,0.0,6.0,0.0,6.0,6.0
4731,4731,4731,4731,,0,1246,7.0,0.0,7.0,0.0,7.0,0.0,7.0,0.0,7.0,0.0,7.0,0.0,7.0,7.0
4732,4732,4732,4732,,7,49,5.0,0.0,5.0,0.0,5.0,1.0,5.0,1.0,5.0,0.0,5.0,1.0,5.0,6.0
4733,4733,4733,4733,,0,1247,7.0,0.0,7.0,0.0,7.0,0.0,7.0,0.0,7.0,0.0,7.0,0.0,7.0,7.0
4734,4734,4734,4734,,0,1248,5.0,0.0,5.0,0.0,5.0,0.0,5.0,0.0,5.0,0.0,5.0,0.0,5.0,5.0
4735,4735,4735,4735,,0,1249,7.0,0.0,7.0,0.0,7.0,0.0,7.0,0.0,7.0,0.0,7.0,0.0,7.0,7.0
4736,4736,4736,4736,,0,1250,6.0,0.0,6.0,0.0,6.0,0.0,6.0,0.0,6.0,0.0,6.0,0.0,6.0,6.0
4737,4737,4737,4737,,0,1251,6.0,0.0,6.0,0.0,6.0,0.0,6.0,0.0,6.0,0.0,6.0,0.0,6.0,6.0
4738,4738,4738,4738,,17,375,7.0,1.0,7.0,0.0,7.0,1.0,7.0,1.0,7.0,0.0,7.0,1.0,7.0,7.0
4739,4739,4739,4739,,0,1252,6.0,0.0,6.0,0.0,6.0,0.0,6.0,0.0,6.0,0.0,6.0,0.0,6.0,6.0
4740,4740,4740,4740,,5,375,4.0,1.0,4.0,0.0,4.0,0.0,4.0,1.0,4.0,0.0,4.0,0.0,4.0,4.0
4741,4741,4741,4741,,0,1253,3.0,0.0,3.0,0.0,3.0,0.0,3.0,0.0,3.0,0.0,3.0,0.0,3.0,3.0
4742,4742,4742,4742,,3,42,7.0,0.0,7.0,0.0,7.0,0.0,7.0,0.0,7.0,0.0,7.0,0.0,7.0,7.0
4743,4743,4743,4743,,0,1254,5.0,0.0,5.0,0.0,5.0,0.0,5.0,0.0,5.0,0.0,5.0,0.0,5.0,5.0
4744,4744,4744,4744,,1,60,5.0,0.0,5.0,0.0,5.0,0.0,5.0,0.0,5.0,0.0,5.0,0.0,5.0,6.0
4745,4745,4745,4745,,0,1255,4.0,0.0,4.0,0.0,4.0,0.0,4.0,0.0,4.0,0.0,4.0,0.0,4.0,4.0
4746,4746,4746,4746,,0,1256,6.0,0.0,6.0,0.0,6.0,0.0,6.0,0.0,6.0,0.0,6.0,0.0,6.0,6.0
4747,4747,4747,4747,,0,1257,7.0,0.0,7.0,0.0,7.0,0.0,7.0,0.0,7.0,0.0,7.0,0.0,7.0,7.0
4748,4748,4748,4748,,1,613,6.0,0.0,6.0,0.0,6.0,0.0,6.0,0.0,6.0,0.0,6.0,0.0,6.0,6.0
4749,4749,4749,4749,,3,716,6.0,0.0,6.0,0.0,6.0,0.0,6.0,0.0,6.0,0.0,6.0,0.0,6.0,7.0
4750,4750,4750,4750,,0,1258,6.0,0.0,6.0,0.0,6.0,0.0,6.0,0.0,6.0,0.0,6.0,0.0,6.0,6.0
4751,4751,4751,4751,,0,1259,6.0,0.0,6.0,0.0,6.0,0.0,6.0,0.0,6.0,0.0,6.0,0.0,6.0,6.0
4752,4752,4752,4752,,0,1260,6.0,0.0,6.0,0.0,6.0,0.0,6.0,0.0,6.0,0.0,6.0,0.0,6.0,6.0
4753,4753,4753,4753,,0,1261,5.0,0.0,5.0,0.0,5.0,0.0,5.0,0.0,5.0,0.0,5.0,0.0,5.0,5.0
4754,4754,4754,4754,,0,1262,5.0,0.0,5.0,0.0,5.0,0.0,5.0,0.0,5.0,0.0,5.0,0.0,5.0,5.0
4755,4755,4755,4755,,0,1263,8.0,0.0,8.0,0.0,8.0,0.0,8.0,0.0,8.0,0.0,8.0,0.0,8.0,8.0
4756,4756,4756,4756,,0,1264,7.0,0.0,7.0,0.0,7.0,0.0,7.0,0.0,7.0,0.0,7.0,0.0,7.0,7.0
4757,4757,4757,4757,,0,1265,5.0,0.0,5.0,0.0,5.0,0.0,5.0,0.0,5.0,0.0,5.0,0.0,5.0,5.0
4758,4758,4758,4758,,7,388,6.0,0.0,6.0,1.0,6.0,1.0,6.0,1.0,6.0,0.0,6.0,1.0,6.0,6.0
4759,4759,4759,4759,,0,1266,6.0,0.0,6.0,0.0,6.0,0.0,6.0,0.0,6.0,0.0,6.0,0.0,6.0,6.0
4760,4760,4760,4760,,0,1267,7.0,0.0,7.0,0.0,7.0,0.0,7.0,0.0,7.0,0.0,7.0,0.0,7.0,7.0
4761,4761,4761,4761,,0,1268,7.0,0.0,7.0,0.0,7.0,0.0,7.0,0.0,7.0,0.0,7.0,0.0,7.0,7.0
4762,4762,4762,4762,,9,142,6.0,0.0,6.0,0.0,6.0,0.0,6.0,0.0,6.0,0.0,6.0,1.0,6.0,6.0
4763,4763,4763,4763,,0,1269,7.0,0.0,7.0,0.0,7.0,0.0,7.0,0.0,7.0,0.0,7.0,0.0,7.0,7.0
4764,4764,4764,4764,,0,1270,2.0,0.0,2.0,0.0,2.0,0.0,2.0,0.0,2.0,0.0,2.0,0.0,2.0,2.0
4765,4765,4765,4765,,1,1280,3.0,0.0,3.0,0.0,3.0,0.0,3.0,0.0,3.0,0.0,3.0,0.0,3.0,3.0
4766,4766,4766,4766,,22,387,8.0,1.0,8.0,1.0,8.0,1.0,8.0,1.0,8.0,0.0,8.0,1.0,8.0,8.0
4767,4767,4767,4767,,0,1271,4.0,0.0,4.0,0.0,4.0,0.0,4.0,0.0,4.0,0.0,4.0,0.0,4.0,4.0
4768,4768,4768,4768,,0,1272,6.0,0.0,6.0,0.0,6.0,0.0,6.0,0.0,6.0,0.0,6.0,0.0,6.0,6.0
4769,4769,4769,4769,,0,1273,0.0,0.0,0.0,0.0,0.0,0.0,0.0,0.0,0.0,0.0,0.0,0.0,0.0,2.0
4770,4770,4770,4770,,1,1277,6.0,0.0,6.0,0.0,6.0,0.0,6.0,0.0,6.0,0.0,6.0,0.0,6.0,6.0
4771,4771,4771,4771,,0,1274,0.0,0.0,0.0,0.0,0.0,0.0,0.0,0.0,0.0,0.0,0.0,0.0,0.0,0.0
4772,4772,4772,4772,,1,1275,6.0,0.0,6.0,0.0,6.0,0.0,6.0,0.0,6.0,0.0,6.0,0.0,6.0,6.0
4773,4773,4773,4773,,6,35,7.0,0.0,7.0,0.0,7.0,0.0,7.0,0.0,7.0,0.0,7.0,0.0,7.0,8.0
4774,4774,4774,4774,,0,1276,6.0,0.0,6.0,0.0,6.0,0.0,6.0,0.0,6.0,0.0,6.0,0.0,6.0,6.0
4775,4775,4775,4775,,1,1277,6.0,0.0,6.0,0.0,6.0,0.0,6.0,0.0,6.0,0.0,6.0,0.0,6.0,6.0
4776,4776,4776,4776,,2,218,7.0,0.0,7.0,0.0,7.0,0.0,7.0,0.0,7.0,0.0,7.0,0.0,7.0,7.0
4777,4777,4777,4777,,0,1278,6.0,0.0,6.0,0.0,6.0,0.0,6.0,0.0,6.0,0.0,6.0,0.0,6.0,6.0
4778,4778,4778,4778,,4,195,6.0,0.0,6.0,0.0,6.0,0.0,6.0,0.0,6.0,0.0,6.0,0.0,6.0,7.0
4779,4779,4779,4779,,10,49,6.0,0.0,6.0,0.0,6.0,0.0,6.0,0.0,6.0,0.0,6.0,0.0,6.0,6.0
4780,4780,4780,4780,,0,1279,0.0,0.0,0.0,0.0,0.0,0.0,0.0,0.0,0.0,0.0,0.0,0.0,0.0,0.0
4781,4781,4781,4781,,1,1280,6.0,0.0,6.0,0.0,6.0,0.0,6.0,0.0,6.0,0.0,6.0,0.0,6.0,6.0
4782,4782,4782,4782,,3,1239,7.0,0.0,7.0,0.0,7.0,0.0,7.0,0.0,7.0,0.0,7.0,0.0,7.0,7.0
4783,4783,4783,4783,,0,1281,5.0,0.0,5.0,0.0,5.0,0.0,5.0,0.0,5.0,0.0,5.0,0.0,5.0,5.0
4784,4784,4784,4784,,5,218,6.0,1.0,6.0,0.0,6.0,0.0,6.0,1.0,6.0,0.0,6.0,0.0,6.0,6.0
4785,4785,4785,4785,,0,1282,0.0,0.0,0.0,0.0,0.0,0.0,0.0,0.0,0.0,0.0,0.0,0.0,0.0,0.0
4786,4786,4786,4786,,0,1283,6.0,0.0,6.0,0.0,6.0,0.0,6.0,0.0,6.0,0.0,6.0,0.0,6.0,6.0
4787,4787,4787,4787,,0,1284,4.0,0.0,4.0,0.0,4.0,0.0,4.0,0.0,4.0,0.0,4.0,0.0,4.0,5.0
4788,4788,4788,4788,,1,421,6.0,0.0,6.0,0.0,6.0,0.0,6.0,0.0,6.0,0.0,6.0,0.0,6.0,6.0
4789,4789,4789,4789,,1,375,7.0,0.0,7.0,0.0,7.0,0.0,7.0,0.0,7.0,0.0,7.0,0.0,7.0,7.0
4790,4790,4790,4790,,0,1285,7.0,0.0,7.0,0.0,7.0,0.0,7.0,0.0,7.0,0.0,7.0,0.0,7.0,7.0
4791,4791,4791,4791,,0,1286,2.0,0.0,2.0,0.0,2.0,0.0,2.0,0.0,2.0,0.0,2.0,0.0,2.0,2.0
4792,4792,4792,4792,,0,1287,7.0,0.0,7.0,0.0,7.0,0.0,7.0,0.0,7.0,0.0,7.0,0.0,7.0,7.0
4793,4793,4793,4793,,0,1288,6.0,0.0,6.0,0.0,6.0,0.0,6.0,0.0,6.0,0.0,6.0,0.0,6.0,6.0
4794,4794,4794,4794,,0,1289,0.0,0.0,0.0,0.0,0.0,0.0,0.0,0.0,0.0,0.0,0.0,0.0,0.0,0.0
4795,4795,4795,4795,,0,1290,6.0,0.0,6.0,0.0,6.0,0.0,6.0,0.0,6.0,0.0,6.0,0.0,6.0,6.0
4796,4796,4796,4796,,0,1291,7.0,0.0,7.0,0.0,7.0,0.0,7.0,0.0,7.0,0.0,7.0,0.0,7.0,7.0
4797,4797,4797,4797,,0,1292,8.0,0.0,8.0,0.0,8.0,0.0,8.0,0.0,8.0,0.0,8.0,0.0,8.0,8.0
4798,4798,4798,4798,,5,35,7.0,0.0,7.0,0.0,7.0,1.0,7.0,1.0,7.0,0.0,7.0,0.0,7.0,7.0
4799,4799,4799,4799,,3,716,6.0,0.0,6.0,0.0,6.0,0.0,6.0,0.0,6.0,0.0,6.0,0.0,6.0,6.0
4800,4800,4800,4800,,0,1293,7.0,0.0,7.0,0.0,7.0,0.0,7.0,0.0,7.0,0.0,7.0,0.0,7.0,7.0
4801,4801,4801,4801,,0,1294,6.0,0.0,6.0,0.0,6.0,0.0,6.0,0.0,6.0,0.0,6.0,0.0,6.0,6.0
4802,4802,4802,4802,,2,218,6.0,0.0,6.0,0.0,6.0,0.0,6.0,0.0,6.0,0.0,6.0,0.0,6.0,7.0
